         0          0          0          0          0          0          0    0.00209      0.176      0.945    0.00057       2.98      0.833     0.0841     0.0454      0.308       1.08      0.453       1.34      0.255       3.04          3          2
         0          0          0          0          0          0          0     0.0022       0.17      0.929    0.00062       3.06       0.95     0.0635     0.0606      0.321          1      0.775       1.05      0.291       3.25          3          2
         0          0          0          0          0          0          0    0.00222       0.14      0.936    0.00063       3.11      0.947     0.0674     0.0551      0.321       1.22      0.783       1.12      0.271       3.85          3          2
         0          0          0          0          0          0          0    0.00229      0.144      0.925    0.00059       3.11       0.95     0.0698     0.0539      0.322       1.07      0.755        1.2      0.273       3.46          3          2
         0          0          0          0          0          0          0    0.00229      0.144      0.928    0.00059       3.11       0.95     0.0674     0.0541      0.321       1.01      0.755        1.2      0.271       3.48          3          0
         0          0          0          0          0          0          0    0.00235      0.165      0.949    0.00049       3.03       0.95     0.0674     0.0454      0.348      0.919      0.457       1.24      0.243       3.33          3          2
         0          0          0          0          0          0          0    0.00243      0.147      0.925    0.00049       3.22       0.95     0.0736     0.0456      0.368      0.942      0.457       1.37      0.215       3.48          3          2
         0          0          0          0          0          0          0    0.00244      0.165      0.949    0.00054       3.26       0.95     0.0674     0.0522      0.321      0.919      0.518        1.2       0.24       3.47          3          2
         0          0          0          0          0          0          0    0.00244       0.21      0.934    0.00054       3.99      0.741     0.0708     0.0522      0.321      0.847      0.518        1.2      0.265       3.51          3          2
         0          0          0          0          0          0          0    0.00312      0.165      0.877    0.00046       3.26       0.95     0.0461     0.0243      0.303      0.919      0.424       1.32       0.24        2.8          3          2
