0 0.5638020833333334 0.5659722222222222 0.049479166666666664 0.09027777777777778
0 0.1328125 0.5885416666666666 0.041666666666666664 0.06597222222222222
0 0.0546875 0.5555555555555556 0.036458333333333336 0.04861111111111111
0 0.08333333333333333 0.5850694444444444 0.036458333333333336 0.06597222222222222
0 0.2265625 0.5798611111111112 0.03125 0.0625
0 0.27734375 0.5677083333333334 0.033854166666666664 0.06597222222222222
0 0.3151041666666667 0.5954861111111112 0.046875 0.0798611111111111
0 0.3984375 0.5625 0.046875 0.0763888888888889
0 0.5208333333333334 0.5868055555555556 0.036458333333333336 0.06944444444444445
0 0.4947916666666667 0.5694444444444444 0.03125 0.0625
0 0.6380208333333334 0.5659722222222222 0.036458333333333336 0.0625
0 0.6783854166666666 0.5659722222222222 0.033854166666666664 0.06944444444444445
0 0.71875 0.5850694444444444 0.041666666666666664 0.07291666666666667
0 0.9361979166666666 0.6336805555555556 0.0703125 0.09375
0 0.80078125 0.5607638888888888 0.049479166666666664 0.07291666666666667
0 0.8997395833333334 0.5555555555555556 0.033854166666666664 0.0625
0 0.9700520833333334 0.5642361111111112 0.049479166666666664 0.0798611111111111