0 0.10277777777777777 0.39 0.03518518518518519 0.08666666666666667
0 0.2564814814814815 0.38166666666666665 0.07592592592592592 0.16333333333333333
0 0.36944444444444446 0.38 0.07962962962962963 0.16
0 0.48148148148148145 0.3883333333333333 0.05555555555555555 0.12333333333333334
0 0.16944444444444445 0.36 0.05 0.10666666666666667
0 0.05277777777777778 0.36333333333333334 0.046296296296296294 0.12
0 0.8462962962962963 0.4766666666666667 0.044444444444444446 0.10666666666666667
0 0.7212962962962963 0.41333333333333333 0.06111111111111111 0.11333333333333333
0 0.6546296296296297 0.45 0.03888888888888889 0.09333333333333334
0 0.6046296296296296 0.44166666666666665 0.06481481481481481 0.11666666666666667
0 0.5666666666666667 0.475 0.037037037037037035 0.11
0 0.5175925925925926 0.4666666666666667 0.04259259259259259 0.1