0 0.025 0.36936936936936937 0.046 0.17417417417417416
0 0.506 0.466966966966967 0.084 0.14714714714714713
0 0.361 0.484984984984985 0.078 0.14714714714714713
0 0.651 0.5045045045045045 0.082 0.16816816816816818
0 0.707 0.53003003003003 0.058 0.12912912912912913
0 0.543 0.3738738738738739 0.058 0.10510510510510511
0 0.435 0.3663663663663664 0.058 0.10810810810810811
0 0.948 0.4069069069069069 0.048 0.0990990990990991
0 0.81 0.3888888888888889 0.052 0.10510510510510511
0 0.795 0.32732732732732733 0.046 0.09009009009009009
0 0.352 0.4039039039039039 0.068 0.0990990990990991
0 0.85 0.42492492492492495 0.044 0.10510510510510511
0 0.857 0.34384384384384387 0.046 0.08108108108108109
0 0.465 0.43243243243243246 0.046 0.1021021021021021
0 0.924 0.3768768768768769 0.036 0.08108108108108109
0 0.988 0.35585585585585583 0.024 0.08708708708708708