0 0.2789317507418398 0.31777777777777777 0.18397626112759644 0.19555555555555557
0 0.05192878338278932 0.30666666666666664 0.09792284866468842 0.2
0 0.6839762611275965 0.31 0.19287833827893175 0.19777777777777777
0 0.46142433234421365 0.2677777777777778 0.18694362017804153 0.16666666666666666
0 0.2062314540059347 0.2222222222222222 0.1572700296735905 0.17333333333333334
0 0.5801186943620178 0.1988888888888889 0.1513353115727003 0.14444444444444443
0 0.8041543026706232 0.23 0.16023738872403562 0.20222222222222222
0 0.12462908011869436 0.21666666666666667 0.12462908011869436 0.14444444444444443
0 0.04451038575667656 0.16444444444444445 0.0830860534124629 0.1111111111111111
0 0.43026706231454004 0.14222222222222222 0.13056379821958458 0.12
0 0.9035608308605341 0.22444444444444445 0.09792284866468842 0.16
0 0.2507418397626113 0.1511111111111111 0.12759643916913946 0.10666666666666667
0 0.7388724035608308 0.05444444444444444 0.10089020771513353 0.07333333333333333
0 0.8367952522255193 0.10111111111111111 0.11275964391691394 0.10444444444444445
0 0.9584569732937686 0.19444444444444445 0.0830860534124629 0.1622222222222222
0 0.37388724035608306 0.07555555555555556 0.09495548961424333 0.09777777777777778
0 0.31305637982195844 0.12666666666666668 0.09792284866468842 0.1111111111111111