0 0.179 0.2747747747747748 0.074 0.12312312312312312
0 0.373 0.4069069069069069 0.102 0.14714714714714713
0 0.277 0.5315315315315315 0.154 0.21621621621621623
0 0.846 0.15615615615615616 0.088 0.15615615615615616
0 0.706 0.1996996996996997 0.056 0.1111111111111111
0 0.444 0.25075075075075076 0.068 0.10510510510510511
0 0.608 0.24024024024024024 0.04 0.08408408408408409
0 0.545 0.2672672672672673 0.042 0.08408408408408409
0 0.512 0.27177177177177175 0.032 0.06906906906906907
0 0.468 0.2702702702702703 0.036 0.09009009009009009
0 0.675 0.24624624624624625 0.05 0.07207207207207207
0 0.929 0.23273273273273273 0.038 0.08108108108108109