0 0.923 0.4294294294294294 0.098 0.13213213213213212
0 0.286 0.39039039039039036 0.06 0.10810810810810811
0 0.805 0.42342342342342343 0.07 0.11411411411411411
0 0.577 0.4009009009009009 0.054 0.08708708708708708
0 0.971 0.36036036036036034 0.05 0.13813813813813813
0 0.33 0.3993993993993994 0.032 0.08408408408408409
0 0.4 0.4144144144144144 0.032 0.06006006006006006
0 0.53 0.4264264264264264 0.032 0.06006006006006006
0 0.448 0.4339339339339339 0.032 0.06306306306306306
0 0.363 0.43543543543543545 0.034 0.06606606606606606
0 0.635 0.43843843843843844 0.05 0.0960960960960961
0 0.672 0.4189189189189189 0.028 0.06306306306306306
0 0.739 0.43243243243243246 0.042 0.06606606606606606