0 0.16555555555555557 0.515 0.06 0.09666666666666666
0 0.4855555555555556 0.5083333333333333 0.04666666666666667 0.08333333333333333
0 0.9555555555555556 0.52 0.04 0.06666666666666667
0 0.27444444444444444 0.5366666666666666 0.028888888888888888 0.06
0 0.31222222222222223 0.5316666666666666 0.028888888888888888 0.056666666666666664
0 0.3655555555555556 0.535 0.03333333333333333 0.056666666666666664
0 0.39111111111111113 0.5283333333333333 0.022222222222222223 0.056666666666666664
0 0.4488888888888889 0.5233333333333333 0.035555555555555556 0.06666666666666667
0 0.5766666666666667 0.5416666666666666 0.042222222222222223 0.07
0 0.7977777777777778 0.5316666666666666 0.04 0.07
0 0.9144444444444444 0.5316666666666666 0.03777777777777778 0.056666666666666664
0 0.8433333333333334 0.5366666666666666 0.03777777777777778 0.06
0 0.74 0.5116666666666667 0.035555555555555556 0.06333333333333334
0 0.6322222222222222 0.5516666666666666 0.03333333333333333 0.06333333333333334
0 0.6577777777777778 0.5433333333333333 0.02666666666666667 0.06666666666666667
0 0.05555555555555555 0.5366666666666666 0.03111111111111111 0.06
0 0.021111111111111112 0.5433333333333333 0.03777777777777778 0.06666666666666667
0 0.20222222222222222 0.5266666666666666 0.02666666666666667 0.06666666666666667