0 0.381 0.41515151515151516 0.058 0.10303030303030303
0 0.502 0.4090909090909091 0.052 0.10909090909090909
0 0.232 0.4636363636363636 0.052 0.10909090909090909
0 0.941 0.4666666666666667 0.046 0.10909090909090909
0 0.837 0.45454545454545453 0.054 0.09696969696969697
0 0.149 0.4621212121212121 0.054 0.10606060606060606
0 0.654 0.4287878787878788 0.044 0.08787878787878788
0 0.315 0.4393939393939394 0.038 0.08484848484848485
0 0.536 0.4348484848484849 0.036 0.08181818181818182
0 0.734 0.4590909090909091 0.036 0.06363636363636363
0 0.455 0.44545454545454544 0.03 0.06666666666666667
0 0.61 0.43636363636363634 0.04 0.06060606060606061