0 0.25 0.43543543543543545 0.16 0.2222222222222222
0 0.614 0.8618618618618619 0.176 0.26426426426426425
0 0.734 0.38738738738738737 0.164 0.23423423423423423
0 0.852 0.17567567567567569 0.156 0.27927927927927926
0 0.634 0.6126126126126126 0.148 0.2222222222222222
0 0.949 0.35735735735735735 0.102 0.25825825825825827
0 0.689 0.23573573573573572 0.134 0.21921921921921922
0 0.285 0.7237237237237237 0.174 0.22822822822822822
0 0.946 0.7207207207207207 0.108 0.2882882882882883
0 0.436 0.4774774774774775 0.14 0.1921921921921922
0 0.769 0.7432432432432432 0.142 0.23723723723723725