0 0.931 0.9054054054054054 0.086 0.12912912912912913
0 0.653 0.7072072072072072 0.058 0.0990990990990991
0 0.977 0.8318318318318318 0.046 0.12012012012012012
0 0.545 0.6636636636636637 0.046 0.08408408408408409
0 0.018 0.7837837837837838 0.032 0.09009009009009009
0 0.125 0.7552552552552553 0.042 0.08708708708708708
0 0.22 0.7597597597597597 0.044 0.07207207207207207
0 0.221 0.05105105105105105 0.034 0.042042042042042045
0 0.287 0.2852852852852853 0.034 0.05405405405405406
0 0.421 0.6741741741741741 0.042 0.06306306306306306
0 0.599 0.8153153153153153 0.054 0.10510510510510511
0 0.494 0.8033033033033034 0.052 0.0990990990990991
0 0.439 0.8138138138138138 0.05 0.0960960960960961
0 0.429 0.7732732732732732 0.046 0.08708708708708708
0 0.349 0.7537537537537538 0.038 0.06606606606606606
0 0.507 0.5540540540540541 0.042 0.05105105105105105
0 0.467 0.515015015015015 0.03 0.057057057057057055
0 0.39 0.5315315315315315 0.04 0.06606606606606606
0 0.439 0.42042042042042044 0.03 0.06606606606606606
0 0.396 0.44744744744744747 0.028 0.05405405405405406
0 0.796 0.8213213213213213 0.06 0.06906906906906907