0 0.383 0.41515151515151516 0.058 0.10909090909090909
0 0.234 0.4621212121212121 0.052 0.1
0 0.947 0.46515151515151515 0.046 0.1
0 0.502 0.4075757575757576 0.048 0.10606060606060606
0 0.84 0.45454545454545453 0.056 0.09696969696969697
0 0.15 0.4666666666666667 0.052 0.10303030303030303
0 0.66 0.4257575757575758 0.048 0.09393939393939393
0 0.318 0.4409090909090909 0.04 0.09393939393939393
0 0.459 0.4409090909090909 0.034 0.06363636363636363
0 0.429 0.44393939393939397 0.026 0.05757575757575758
0 0.542 0.4303030303030303 0.036 0.08484848484848485
0 0.618 0.44242424242424244 0.04 0.07272727272727272
0 0.57 0.44545454545454544 0.032 0.06060606060606061
0 0.74 0.45454545454545453 0.032 0.06666666666666667
0 0.721 0.45454545454545453 0.03 0.05454545454545454
0 0.761 0.4484848484848485 0.026 0.05454545454545454