0 0.265 0.32132963988919666 0.074 0.13850415512465375
0 0.616 0.3587257617728532 0.068 0.12465373961218837
0 0.908 0.3587257617728532 0.068 0.13019390581717452
0 0.826 0.3559556786703601 0.092 0.1523545706371191
0 0.55 0.41274238227146814 0.064 0.10526315789473684
0 0.2 0.3573407202216066 0.052 0.09418282548476455
0 0.315 0.3864265927977839 0.046 0.09141274238227147
0 0.374 0.4002770083102493 0.036 0.06371191135734072
0 0.416 0.4224376731301939 0.032 0.06371191135734072
0 0.456 0.4085872576177285 0.036 0.05817174515235457
0 0.713 0.4113573407202216 0.042 0.08033240997229917