0 0.631 0.12140575079872204 0.07 0.134185303514377
0 0.57 0.22523961661341854 0.072 0.1757188498402556
0 0.818 0.35303514376996803 0.124 0.23961661341853036
0 0.407 0.15175718849840256 0.074 0.1757188498402556
0 0.716 0.09424920127795527 0.072 0.12460063897763578
0 0.515 0.12619808306709265 0.062 0.1182108626198083
0 0.707 0.2124600638977636 0.078 0.18210862619808307
0 0.908 0.1485623003194888 0.088 0.16293929712460065
0 0.202 0.4169329073482428 0.14 0.25878594249201275
0 0.274 0.2364217252396166 0.08 0.16613418530351437
0 0.772 0.19488817891373802 0.072 0.16613418530351437
0 0.101 0.23162939297124602 0.094 0.18210862619808307
0 0.568 0.09904153354632587 0.056 0.12140575079872204
0 0.085 0.3961661341853035 0.13 0.25559105431309903
0 0.638 0.28115015974440893 0.096 0.20447284345047922
0 0.345 0.3003194888178914 0.106 0.2108626198083067
0 0.464 0.2731629392971246 0.104 0.24600638977635783
0 0.973 0.31309904153354634 0.054 0.21725239616613418
0 0.348 0.10383386581469649 0.048 0.1182108626198083
0 0.243 0.13738019169329074 0.062 0.10223642172523961