0 0.04893617021276596 0.4424920127795527 0.029787234042553193 0.04153354632587859
0 0.18085106382978725 0.41373801916932906 0.08936170212765958 0.1501597444089457
0 0.11808510638297873 0.4249201277955272 0.031914893617021274 0.05750798722044728
0 0.3893617021276596 0.4009584664536741 0.05531914893617021 0.08626198083067092
0 0.451063829787234 0.3961661341853035 0.05531914893617021 0.08945686900958466
0 0.5234042553191489 0.4057507987220447 0.03829787234042553 0.07028753993610223
0 0.5595744680851064 0.4185303514376997 0.03404255319148936 0.06389776357827476
0 0.6202127659574468 0.4073482428115016 0.027659574468085105 0.04792332268370607
0 0.6872340425531915 0.41373801916932906 0.0425531914893617 0.0670926517571885
0 0.7563829787234042 0.40415335463258784 0.04042553191489362 0.0670926517571885
0 0.824468085106383 0.3913738019169329 0.04042553191489362 0.06070287539936102
0 0.8680851063829788 0.3929712460063898 0.02553191489361702 0.05750798722044728
0 0.9180851063829787 0.38338658146964855 0.04042553191489362 0.07028753993610223
0 0.9776595744680852 0.38498402555910544 0.023404255319148935 0.04792332268370607