0 0.285 0.23905723905723905 0.13 0.30976430976430974
0 0.74 0.398989898989899 0.132 0.29292929292929293
0 0.471 0.32996632996632996 0.118 0.26262626262626265
0 0.85 0.23737373737373738 0.128 0.28619528619528617
0 0.726 0.2474747474747475 0.104 0.1717171717171717
0 0.166 0.2676767676767677 0.104 0.2053872053872054
0 0.061 0.2239057239057239 0.118 0.27946127946127947
0 0.652 0.335016835016835 0.076 0.2255892255892256
0 0.952 0.22895622895622897 0.088 0.2962962962962963
0 0.528 0.2878787878787879 0.064 0.23905723905723905
0 0.35 0.30303030303030304 0.068 0.26262626262626265