0 0.6 0.28368794326241137 0.112 0.23404255319148937
0 0.853 0.3670212765957447 0.07 0.1524822695035461
0 0.154 0.36879432624113473 0.08 0.1773049645390071
0 0.098 0.3617021276595745 0.052 0.12056737588652482
0 0.775 0.32978723404255317 0.054 0.1276595744680851
0 0.398 0.4148936170212766 0.1 0.28368794326241137
0 0.959 0.31382978723404253 0.054 0.1950354609929078
0 0.454 0.324468085106383 0.032 0.08865248226950355
0 0.722 0.37056737588652483 0.044 0.08156028368794327
0 0.695 0.33687943262411346 0.026 0.05673758865248227
0 0.508 0.31382978723404253 0.036 0.08156028368794327