0 0.3573008849557522 0.4083333333333333 0.06858407079646017 0.12333333333333334
0 0.8462389380530974 0.42833333333333334 0.1172566371681416 0.18333333333333332
0 0.2665929203539823 0.41833333333333333 0.08628318584070796 0.16333333333333333
0 0.07300884955752213 0.375 0.10176991150442478 0.16333333333333333
0 0.9380530973451328 0.39 0.07964601769911504 0.18666666666666668
0 0.7300884955752213 0.43666666666666665 0.06637168141592921 0.10666666666666667
0 0.6117256637168141 0.4716666666666667 0.05530973451327434 0.08333333333333333
0 0.4258849557522124 0.39666666666666667 0.059734513274336286 0.14
0 0.5398230088495575 0.5233333333333333 0.06637168141592921 0.12
0 0.46792035398230086 0.4533333333333333 0.0420353982300885 0.1
0 0.5553097345132744 0.38166666666666665 0.04424778761061947 0.09666666666666666