0 0.8659217877094972 0.21 0.074487895716946 0.15333333333333332
0 0.6461824953445066 0.225 0.055865921787709494 0.11666666666666667
0 0.3994413407821229 0.2683333333333333 0.03165735567970205 0.07
0 0.43854748603351956 0.27166666666666667 0.03910614525139665 0.09666666666666666
0 0.4823091247672253 0.24833333333333332 0.0335195530726257 0.07666666666666666
0 0.5037243947858473 0.23666666666666666 0.027932960893854747 0.07333333333333333
0 0.5363128491620112 0.24166666666666667 0.037243947858473 0.09
0 0.5884543761638734 0.22 0.040968342644320296 0.10666666666666667
0 0.7690875232774674 0.24333333333333335 0.040968342644320296 0.09333333333333334
0 0.8147113594040968 0.255 0.035381750465549346 0.07666666666666666
0 0.9860335195530726 0.20833333333333334 0.027932960893854747 0.13666666666666666