0 0.10444444444444445 0.3283333333333333 0.08 0.13
0 0.6966666666666667 0.37333333333333335 0.06888888888888889 0.13333333333333333
0 0.19333333333333333 0.38 0.06222222222222222 0.11333333333333333
0 0.8222222222222222 0.415 0.06222222222222222 0.09666666666666666
0 0.3 0.38 0.057777777777777775 0.09333333333333334
0 0.9055555555555556 0.43666666666666665 0.05555555555555555 0.10666666666666667
0 0.38555555555555554 0.39666666666666667 0.04666666666666667 0.08666666666666667
0 0.58 0.37333333333333335 0.035555555555555556 0.08666666666666667
0 0.24555555555555555 0.4 0.042222222222222223 0.1
0 0.5533333333333333 0.385 0.02666666666666667 0.08333333333333333
0 0.8655555555555555 0.375 0.04666666666666667 0.08333333333333333
0 0.9622222222222222 0.43166666666666664 0.057777777777777775 0.11