0 0.06416666666666666 0.38666666666666666 0.11166666666666666 0.24
0 0.6341666666666667 0.2833333333333333 0.051666666666666666 0.11333333333333333
0 0.20583333333333334 0.25 0.051666666666666666 0.12666666666666668
0 0.6733333333333333 0.27 0.04 0.08
0 0.08083333333333333 0.285 0.07833333333333334 0.16333333333333333
0 0.1725 0.27166666666666667 0.055 0.13
0 0.9491666666666667 0.4483333333333333 0.08166666666666667 0.19
0 0.3408333333333333 0.215 0.03166666666666667 0.08333333333333333
0 0.44416666666666665 0.22666666666666666 0.03833333333333333 0.09333333333333334
0 0.5183333333333333 0.24166666666666667 0.03666666666666667 0.09666666666666666
0 0.8033333333333333 0.35 0.07 0.16666666666666666