0 0.97 0.6726726726726727 0.036 0.07207207207207207
0 0.138 0.5900900900900901 0.032 0.06306306306306306
0 0.176 0.6141141141141141 0.044 0.08108108108108109
0 0.263 0.6066066066066066 0.042 0.06606606606606606
0 0.346 0.6156156156156156 0.036 0.04804804804804805
0 0.403 0.6396396396396397 0.034 0.06606606606606606
0 0.495 0.6561561561561562 0.046 0.06906906906906907
0 0.526 0.6291291291291291 0.028 0.05105105105105105
0 0.551 0.6231231231231231 0.034 0.06906906906906907
0 0.596 0.6486486486486487 0.032 0.04804804804804805
0 0.626 0.6621621621621622 0.044 0.07507507507507508
0 0.681 0.6681681681681682 0.038 0.06306306306306306
0 0.768 0.6501501501501501 0.044 0.07507507507507508
0 0.844 0.6621621621621622 0.04 0.06906906906906907
0 0.909 0.6876876876876877 0.042 0.06006006006006006