0 0.182 0.4653333333333333 0.064 0.09333333333333334
0 0.313 0.47733333333333333 0.058 0.096
0 0.232 0.45466666666666666 0.052 0.088
0 0.521 0.45466666666666666 0.046 0.08266666666666667
0 0.409 0.44266666666666665 0.054 0.09066666666666667
0 0.062 0.504 0.032 0.05333333333333334
0 0.125 0.48533333333333334 0.026 0.042666666666666665
0 0.645 0.4613333333333333 0.042 0.09066666666666667
0 0.688 0.45066666666666666 0.048 0.07466666666666667
0 0.944 0.47333333333333333 0.044 0.08266666666666667
0 0.733 0.4786666666666667 0.034 0.056