0 0.143 0.4121212121212121 0.126 0.18787878787878787
0 0.186 0.6287878787878788 0.144 0.21515151515151515
0 0.337 0.843939393939394 0.174 0.27575757575757576
0 0.466 0.5787878787878787 0.132 0.24848484848484848
0 0.528 0.3393939393939394 0.08 0.12727272727272726
0 0.54 0.45606060606060606 0.124 0.1484848484848485
0 0.657 0.5348484848484848 0.09 0.1606060606060606
0 0.636 0.2924242424242424 0.06 0.11212121212121212
0 0.683 0.32575757575757575 0.062 0.11212121212121212
0 0.709 0.4196969696969697 0.086 0.12424242424242424
0 0.862 0.5060606060606061 0.156 0.2545454545454545
0 0.803 0.41818181818181815 0.086 0.15151515151515152
0 0.855 0.3090909090909091 0.078 0.13333333333333333