0 0.04107142857142857 0.3609625668449198 0.04642857142857143 0.11229946524064172
0 0.18035714285714285 0.45187165775401067 0.060714285714285714 0.11229946524064172
0 0.8589285714285714 0.4411764705882353 0.060714285714285714 0.08021390374331551
0 0.17857142857142858 0.06684491978609626 0.04285714285714286 0.08021390374331551
0 0.21607142857142858 0.2967914438502674 0.04642857142857143 0.09090909090909091
0 0.8339285714285715 0.22727272727272727 0.04642857142857143 0.08021390374331551
0 0.9642857142857143 0.20320855614973263 0.06428571428571428 0.0855614973262032
0 0.23035714285714284 0.058823529411764705 0.039285714285714285 0.0748663101604278
0 0.39285714285714285 0.12032085561497326 0.05 0.08021390374331551
0 0.6482142857142857 0.3235294117647059 0.04642857142857143 0.08021390374331551
0 0.8375 0.6657754010695187 0.060714285714285714 0.06951871657754011
0 0.7071428571428572 0.12299465240641712 0.05 0.0748663101604278