0 0.488 0.2807807807807808 0.068 0.14114114114114115
0 0.619 0.2822822822822823 0.066 0.13213213213213212
0 0.911 0.2972972972972973 0.078 0.13813813813813813
0 0.294 0.2882882882882883 0.068 0.13213213213213212
0 0.76 0.33183183183183185 0.06 0.10510510510510511
0 0.439 0.32432432432432434 0.05 0.0960960960960961
0 0.107 0.34234234234234234 0.038 0.1021021021021021
0 0.843 0.34684684684684686 0.05 0.08108108108108109
0 0.547 0.35285285285285284 0.05 0.0990990990990991
0 0.217 0.34984984984984985 0.05 0.0990990990990991
0 0.146 0.37237237237237236 0.04 0.07807807807807808
0 0.08 0.35585585585585583 0.028 0.0990990990990991
0 0.671 0.32732732732732733 0.046 0.12012012012012012
0 0.795 0.35435435435435436 0.038 0.0960960960960961