0 0.067 0.4655688622754491 0.09 0.15868263473053892
0 0.378 0.4595808383233533 0.068 0.1347305389221557
0 0.846 0.4565868263473054 0.068 0.11676646706586827
0 0.223 0.49850299401197606 0.118 0.24251497005988024
0 0.747 0.4880239520958084 0.102 0.17964071856287425
0 0.619 0.43263473053892215 0.05 0.08682634730538923
0 0.515 0.3263473053892216 0.046 0.07784431137724551
0 0.51 0.4296407185628742 0.06 0.09880239520958084
0 0.667 0.3937125748502994 0.042 0.0748502994011976
0 0.912 0.4311377245508982 0.056 0.09580838323353294
0 0.949 0.41317365269461076 0.05 0.07784431137724551