0 0.659 0.3566666666666667 0.058 0.14
0 0.528 0.3433333333333333 0.06 0.12
0 0.079 0.32 0.066 0.13333333333333333
0 0.387 0.325 0.058 0.11666666666666667
0 0.211 0.36666666666666664 0.058 0.12
0 0.305 0.31666666666666665 0.05 0.10666666666666667
0 0.139 0.36 0.05 0.09333333333333334
0 0.844 0.3883333333333333 0.044 0.09
0 0.017 0.36666666666666664 0.03 0.09333333333333334
0 0.271 0.3616666666666667 0.038 0.08333333333333333
0 0.452 0.3433333333333333 0.044 0.1
0 0.58 0.38666666666666666 0.028 0.06666666666666667
0 0.763 0.4083333333333333 0.026 0.056666666666666664
0 0.806 0.405 0.032 0.056666666666666664
0 0.902 0.385 0.044 0.07666666666666666
0 0.61 0.3933333333333333 0.024 0.05333333333333334
0 0.936 0.3883333333333333 0.028 0.056666666666666664
0 0.971 0.39 0.026 0.06