0 0.04555555555555556 0.40301003344481606 0.028888888888888888 0.05016722408026756
0 0.1 0.4280936454849498 0.07111111111111111 0.12709030100334448
0 0.21555555555555556 0.4230769230769231 0.044444444444444446 0.07023411371237458
0 0.2688888888888889 0.43478260869565216 0.05333333333333334 0.10702341137123746
0 0.37 0.411371237458194 0.08666666666666667 0.15384615384615385
0 0.3277777777777778 0.411371237458194 0.03777777777777778 0.10702341137123746
0 0.41 0.38461538461538464 0.051111111111111114 0.14715719063545152
0 0.46 0.4230769230769231 0.05333333333333334 0.0903010033444816
0 0.6577777777777778 0.39464882943143814 0.06666666666666667 0.10033444816053512
0 0.7777777777777778 0.40635451505016723 0.06666666666666667 0.13043478260869565
0 0.97 0.36789297658862874 0.06 0.20735785953177258