0 0.8433333333333334 0.7056213017751479 0.06444444444444444 0.09171597633136094
0 0.5266666666666666 0.6375739644970414 0.04888888888888889 0.07988165680473373
0 0.08555555555555555 0.3239644970414201 0.028888888888888888 0.04437869822485207
0 0.15222222222222223 0.3994082840236686 0.028888888888888888 0.047337278106508875
0 0.2111111111111111 0.4526627218934911 0.02666666666666667 0.04142011834319527
0 0.29777777777777775 0.48372781065088755 0.03111111111111111 0.04437869822485207
0 0.6 0.5177514792899408 0.02666666666666667 0.05325443786982249
0 0.8577777777777778 0.29142011834319526 0.03111111111111111 0.05029585798816568
0 0.7422222222222222 0.3875739644970414 0.02666666666666667 0.05325443786982249
0 0.6733333333333333 0.4349112426035503 0.022222222222222223 0.05325443786982249
0 0.6922222222222222 0.47633136094674555 0.028888888888888888 0.047337278106508875