0 0.338 0.3629518072289157 0.052 0.09337349397590361
0 0.905 0.3207831325301205 0.078 0.14156626506024098
0 0.712 0.3463855421686747 0.056 0.10240963855421686
0 0.581 0.3102409638554217 0.054 0.10240963855421686
0 0.251 0.375 0.042 0.09337349397590361
0 0.137 0.35843373493975905 0.058 0.09036144578313253
0 0.288 0.35240963855421686 0.04 0.07228915662650602
0 0.387 0.3629518072289157 0.038 0.07530120481927711
0 0.419 0.375 0.03 0.07530120481927711
0 0.447 0.37349397590361444 0.03 0.04819277108433735
0 0.511 0.34036144578313254 0.046 0.09036144578313253