0 0.17354596622889307 0.2833333333333333 0.07692307692307693 0.15333333333333332
0 0.07223264540337711 0.22 0.06941838649155722 0.11333333333333333
0 0.7157598499061913 0.17833333333333334 0.07317073170731707 0.13666666666666666
0 0.23170731707317074 0.2 0.06191369606003752 0.14
0 0.924015009380863 0.38 0.11819887429643527 0.26
0 0.8574108818011257 0.22166666666666668 0.0600375234521576 0.10333333333333333
0 0.7964352720450282 0.2633333333333333 0.08067542213883677 0.18666666666666668
0 0.038461538461538464 0.3416666666666667 0.07317073170731707 0.21
0 0.09568480300187618 0.31833333333333336 0.0675422138836773 0.21
0 0.48686679174484054 0.17 0.054409005628517824 0.10666666666666667
0 0.7485928705440901 0.26 0.0450281425891182 0.17333333333333334