0 0.475 0.3843843843843844 0.058 0.10810810810810811
0 0.338 0.38288288288288286 0.056 0.1111111111111111
0 0.229 0.37537537537537535 0.058 0.10810810810810811
0 0.893 0.3978978978978979 0.05 0.0990990990990991
0 0.688 0.3948948948948949 0.048 0.08708708708708708
0 0.108 0.35735735735735735 0.056 0.1021021021021021
0 0.623 0.3768768768768769 0.046 0.10510510510510511
0 0.283 0.3933933933933934 0.034 0.06006006006006006
0 0.537 0.3933933933933934 0.038 0.06006006006006006
0 0.822 0.38738738738738737 0.024 0.05405405405405406
0 0.766 0.3813813813813814 0.044 0.07807807807807808
0 0.192 0.38738738738738737 0.028 0.06006006006006006
0 0.043 0.4024024024024024 0.03 0.05405405405405406