0 0.073 0.4573333333333333 0.142 0.22133333333333333
0 0.854 0.39066666666666666 0.076 0.12
0 0.225 0.3626666666666667 0.07 0.10666666666666667
0 0.669 0.328 0.054 0.08
0 0.628 0.3373333333333333 0.044 0.072
0 0.269 0.32133333333333336 0.046 0.072
0 0.368 0.2986666666666667 0.032 0.042666666666666665
0 0.571 0.31333333333333335 0.046 0.06666666666666667
0 0.527 0.3 0.03 0.056
0 0.509 0.30533333333333335 0.018 0.050666666666666665
0 0.491 0.30666666666666664 0.022 0.05333333333333334
0 0.463 0.2946666666666667 0.026 0.04533333333333334
0 0.427 0.30533333333333335 0.03 0.050666666666666665