0 0.833 0.23273273273273273 0.082 0.15315315315315314
0 0.113 0.24924924924924924 0.07 0.13813813813813813
0 0.632 0.26576576576576577 0.068 0.13513513513513514
0 0.345 0.25975975975975973 0.066 0.13513513513513514
0 0.507 0.2732732732732733 0.062 0.14414414414414414
0 0.458 0.26126126126126126 0.052 0.13213213213213212
0 0.705 0.3123123123123123 0.046 0.08408408408408409
0 0.221 0.2702702702702703 0.066 0.1021021021021021
0 0.279 0.2672672672672673 0.042 0.07807807807807808
0 0.754 0.3033033033033033 0.04 0.08408408408408409
0 0.15 0.2627627627627628 0.04 0.08108108108108109
0 0.078 0.28378378378378377 0.04 0.10510510510510511
0 0.574 0.2897897897897898 0.04 0.05105105105105105
0 0.415 0.2777777777777778 0.034 0.06306306306306306