0 0.316 0.4383378016085791 0.06 0.07238605898123325
0 0.223 0.44235924932975873 0.054 0.08579088471849866
0 0.265 0.47319034852546915 0.054 0.08310991957104558
0 0.426 0.4517426273458445 0.044 0.06166219839142091
0 0.568 0.46112600536193027 0.036 0.058981233243967826
0 0.537 0.42761394101876676 0.038 0.05630026809651475
0 0.501 0.43297587131367293 0.03 0.05093833780160858
0 0.29 0.46380697050938335 0.032 0.06970509383378017
0 0.59 0.42359249329758714 0.036 0.064343163538874
0 0.714 0.44235924932975873 0.044 0.06970509383378017
0 0.788 0.43699731903485256 0.04 0.064343163538874
0 0.662 0.4584450402144772 0.048 0.064343163538874
0 0.767 0.49865951742627346 0.054 0.07506702412868632
0 0.884 0.4571045576407507 0.032 0.05093833780160858
0 0.96 0.4624664879356568 0.036 0.05093833780160858