0 0.035 0.5195195195195195 0.034 0.06606606606606606
0 0.114 0.5375375375375375 0.024 0.042042042042042045
0 0.194 0.5315315315315315 0.016 0.042042042042042045
0 0.153 0.5225225225225225 0.042 0.08408408408408409
0 0.302 0.484984984984985 0.04 0.08108108108108109
0 0.348 0.47147147147147145 0.032 0.06006006006006006
0 0.33 0.4924924924924925 0.024 0.05405405405405406
0 0.388 0.4774774774774775 0.036 0.05405405405405406
0 0.45 0.4864864864864865 0.036 0.07207207207207207
0 0.497 0.466966966966967 0.054 0.0990990990990991
0 0.859 0.42042042042042044 0.038 0.06606606606606606
0 0.652 0.43843843843843844 0.048 0.08408408408408409