0 0.477 0.4194528875379939 0.038 0.0790273556231003
0 0.082 0.39361702127659576 0.056 0.09422492401215805
0 0.221 0.4148936170212766 0.05 0.08814589665653495
0 0.192 0.40425531914893614 0.032 0.0668693009118541
0 0.283 0.3951367781155015 0.042 0.0851063829787234
0 0.31 0.42401215805471126 0.04 0.06990881458966565
0 0.355 0.4376899696048632 0.042 0.0851063829787234
0 0.394 0.439209726443769 0.036 0.07598784194528875
0 0.652 0.41793313069908816 0.056 0.08814589665653495
0 0.959 0.44072948328267475 0.034 0.0729483282674772
0 0.934 0.44832826747720367 0.028 0.06382978723404255
0 0.826 0.45592705167173253 0.048 0.0790273556231003
0 0.733 0.42857142857142855 0.042 0.0790273556231003