0 0.08375 0.12781954887218044 0.0625 0.09774436090225563
0 0.405 0.5206766917293233 0.045 0.07142857142857142
0 0.715 0.7030075187969925 0.05 0.11278195488721804
0 0.58375 0.5112781954887218 0.0375 0.05263157894736842
0 0.545 0.4774436090225564 0.04 0.06766917293233082
0 0.11125 0.29699248120300753 0.0525 0.09022556390977443
0 0.44125 0.287593984962406 0.0425 0.07142857142857142
0 0.7125 0.38533834586466165 0.05 0.07142857142857142
0 0.65125 0.21428571428571427 0.0375 0.07518796992481203
0 0.14625 0.13533834586466165 0.0375 0.06766917293233082
0 0.59125 0.19548872180451127 0.0325 0.05263157894736842
0 0.72 0.16165413533834586 0.025 0.06766917293233082
0 0.69375 0.2274436090225564 0.0375 0.07142857142857142
0 0.1775 0.18233082706766918 0.035 0.06390977443609022
0 0.4025 0.39473684210526316 0.04 0.06015037593984962
0 0.3525 0.41729323308270677 0.03 0.06015037593984962
0 0.415 0.2462406015037594 0.03 0.04887218045112782
0 0.37875 0.4191729323308271 0.0325 0.06390977443609022