0 0.195 0.4024024024024024 0.05 0.09009009009009009
0 0.766 0.4024024024024024 0.044 0.07807807807807808
0 0.132 0.3738738738738739 0.052 0.09309309309309309
0 0.296 0.38738738738738737 0.04 0.08408408408408409
0 0.379 0.3993993993993994 0.042 0.08408408408408409
0 0.416 0.4144144144144144 0.032 0.06606606606606606
0 0.48 0.41291291291291293 0.028 0.057057057057057055
0 0.51 0.3948948948948949 0.036 0.07507507507507508
0 0.547 0.40540540540540543 0.026 0.07807807807807808
0 0.576 0.39039039039039036 0.04 0.08408408408408409
0 0.61 0.41291291291291293 0.036 0.07507507507507508
0 0.673 0.4069069069069069 0.042 0.08108108108108109
0 0.719 0.4024024024024024 0.042 0.07807807807807808