0 0.282 0.508 0.052 0.104
0 0.809 0.5106666666666667 0.062 0.088
0 0.521 0.4786666666666667 0.046 0.09866666666666667
0 0.385 0.5026666666666667 0.05 0.088
0 0.647 0.472 0.054 0.09066666666666667
0 0.583 0.49066666666666664 0.05 0.096
0 0.718 0.32666666666666666 0.06 0.09866666666666667
0 0.617 0.304 0.054 0.096
0 0.472 0.496 0.048 0.096
0 0.525 0.15066666666666667 0.05 0.09866666666666667
0 0.746 0.5186666666666667 0.056 0.09333333333333334
0 0.156 0.49333333333333335 0.06 0.08533333333333333
0 0.213 0.464 0.05 0.07466666666666667
0 0.246 0.404 0.04 0.08266666666666667
0 0.358 0.3413333333333333 0.044 0.10133333333333333
0 0.463 0.32266666666666666 0.038 0.08533333333333333