0 0.174 0.2807807807807808 0.108 0.17117117117117117
0 0.867 0.2987987987987988 0.066 0.13513513513513514
0 0.569 0.26576576576576577 0.082 0.16516516516516516
0 0.348 0.25075075075075076 0.096 0.15915915915915915
0 0.742 0.23123123123123124 0.108 0.2042042042042042
0 0.962 0.26876876876876876 0.056 0.13513513513513514
0 0.517 0.3153153153153153 0.042 0.1021021021021021
0 0.621 0.2852852852852853 0.042 0.1021021021021021
0 0.097 0.3123123123123123 0.05 0.1021021021021021
0 0.246 0.30930930930930933 0.032 0.07207207207207207
0 0.028 0.3303303303303303 0.052 0.10810810810810811
0 0.468 0.3183183183183183 0.032 0.06006006006006006
0 0.651 0.3033033033033033 0.042 0.08408408408408409
0 0.419 0.33933933933933935 0.042 0.07807807807807808
0 0.397 0.2822822822822823 0.034 0.09009009009009009
0 0.984 0.2147147147147147 0.032 0.1891891891891892