0 0.8812615955473099 0.3516666666666667 0.08534322820037106 0.15666666666666668
0 0.6512059369202227 0.34833333333333333 0.055658627087198514 0.13
0 0.536178107606679 0.375 0.06307977736549165 0.13
0 0.7708719851576994 0.3433333333333333 0.061224489795918366 0.12
0 0.5946196660482375 0.37333333333333335 0.05009276437847866 0.11333333333333333
0 0.31261595547309834 0.36 0.05009276437847866 0.12
0 0.19202226345083487 0.395 0.05380333951762523 0.12333333333333334
0 0.026901669758812616 0.435 0.05009276437847866 0.13
0 0.2653061224489796 0.4033333333333333 0.04823747680890538 0.10666666666666667
0 0.34879406307977734 0.38333333333333336 0.04452690166975881 0.1
0 0.40538033395176254 0.36833333333333335 0.04267161410018553 0.08333333333333333
0 0.9684601113172542 0.34833333333333333 0.03339517625231911 0.08333333333333333
0 0.6873840445269017 0.3566666666666667 0.03525046382189239 0.08666666666666667
0 0.7217068645640075 0.365 0.03339517625231911 0.09