0 0.3130148270181219 0.29 0.05601317957166392 0.12
0 0.46046128500823724 0.26166666666666666 0.03130148270181219 0.11666666666666667
0 0.10543657331136738 0.28833333333333333 0.042833607907743 0.09666666666666666
0 0.26935749588138386 0.26 0.03130148270181219 0.09333333333333334
0 0.3484349258649094 0.2783333333333333 0.02800658978583196 0.06333333333333334
0 0.48352553542009885 0.2783333333333333 0.0214168039538715 0.07666666666666666
0 0.5016474464579901 0.2833333333333333 0.02471169686985173 0.06666666666666667
0 0.5461285008237232 0.285 0.03130148270181219 0.08333333333333333
0 0.6268533772652389 0.29333333333333333 0.03130148270181219 0.06666666666666667
0 0.6721581548599671 0.28 0.042833607907743 0.1
0 0.7034596375617792 0.255 0.032948929159802305 0.09666666666666666