0 0.1441947565543071 0.35 0.11610486891385768 0.25333333333333335
0 0.7443820224719101 0.375 0.06928838951310862 0.15666666666666668
0 0.4737827715355805 0.40166666666666667 0.09363295880149813 0.16333333333333333
0 0.6245318352059925 0.38666666666666666 0.07677902621722846 0.18
0 0.8389513108614233 0.4116666666666667 0.052434456928838954 0.12333333333333334
0 0.2808988764044944 0.37666666666666665 0.052434456928838954 0.17333333333333334
0 0.352059925093633 0.36833333333333335 0.07116104868913857 0.17666666666666667
0 0.9176029962546817 0.4266666666666667 0.09737827715355805 0.2
0 0.4307116104868914 0.42833333333333334 0.0449438202247191 0.13666666666666666
0 0.8670411985018727 0.44333333333333336 0.056179775280898875 0.14
0 0.702247191011236 0.44333333333333336 0.056179775280898875 0.1