0 0.739 0.35333333333333333 0.086 0.136
0 0.074 0.4266666666666667 0.084 0.128
0 0.261 0.3893333333333333 0.074 0.12266666666666666
0 0.601 0.376 0.062 0.10666666666666667
0 0.908 0.42133333333333334 0.064 0.11733333333333333
0 0.467 0.41733333333333333 0.034 0.06666666666666667
0 0.543 0.4106666666666667 0.042 0.07466666666666667
0 0.505 0.44133333333333336 0.03 0.056
0 0.657 0.38666666666666666 0.038 0.07466666666666667
0 0.854 0.41333333333333333 0.052 0.11733333333333333
0 0.806 0.4146666666666667 0.052 0.088