0 0.143 0.49099099099099097 0.046 0.08708708708708708
0 0.169 0.18468468468468469 0.03 0.06306306306306306
0 0.474 0.05405405405405406 0.032 0.06006006006006006
0 0.24 0.3258258258258258 0.044 0.06906906906906907
0 0.332 0.21021021021021022 0.036 0.06606606606606606
0 0.516 0.3258258258258258 0.04 0.06306306306306306
0 0.974 0.6771771771771772 0.052 0.08108108108108109
0 0.933 0.43993993993993996 0.042 0.08108108108108109
0 0.639 0.32882882882882886 0.038 0.06306306306306306
0 0.671 0.2072072072072072 0.038 0.06606606606606606
0 0.535 0.2852852852852853 0.034 0.06006006006006006