0 0.22 0.22435897435897437 0.088 0.14615384615384616
0 0.754 0.27564102564102566 0.068 0.12051282051282051
0 0.06 0.2692307692307692 0.06 0.11794871794871795
0 0.816 0.29102564102564105 0.048 0.08974358974358974
0 0.441 0.28846153846153844 0.046 0.08461538461538462
0 0.163 0.2564102564102564 0.05 0.08717948717948718
0 0.584 0.2833333333333333 0.048 0.07435897435897436
0 0.399 0.24615384615384617 0.054 0.08717948717948718
0 0.486 0.2782051282051282 0.036 0.05384615384615385
0 0.66 0.28974358974358977 0.036 0.07692307692307693
0 0.715 0.28076923076923077 0.038 0.0641025641025641
0 0.861 0.31025641025641026 0.05 0.08717948717948718
0 0.977 0.308974358974359 0.038 0.11538461538461539
0 0.634 0.30256410256410254 0.032 0.06153846153846154