0 0.468 0.22893258426966293 0.076 0.12078651685393259
0 0.393 0.24859550561797752 0.074 0.13764044943820225
0 0.732 0.32303370786516855 0.068 0.11797752808988764
0 0.883 0.2710674157303371 0.07 0.14325842696629212
0 0.214 0.2752808988764045 0.068 0.12921348314606743
0 0.079 0.23174157303370788 0.066 0.12078651685393259
0 0.616 0.2443820224719101 0.076 0.1404494382022472
0 0.266 0.23595505617977527 0.056 0.11797752808988764
0 0.675 0.26825842696629215 0.042 0.08146067415730338
0 0.819 0.23735955056179775 0.054 0.09269662921348315
0 0.985 0.26685393258426965 0.03 0.0898876404494382