0 0.31125 0.13833333333333334 0.0875 0.13666666666666666
0 0.905 0.23833333333333334 0.065 0.09666666666666666
0 0.02875 0.14166666666666666 0.0525 0.15
0 0.535 0.21833333333333332 0.055 0.09
0 0.60125 0.20833333333333334 0.0675 0.09666666666666666
0 0.4975 0.13666666666666666 0.035 0.06
0 0.71625 0.12666666666666668 0.0375 0.07333333333333333
0 0.82625 0.16333333333333333 0.0525 0.07333333333333333
0 0.79625 0.13 0.0375 0.06666666666666667
0 0.55875 0.145 0.0275 0.06333333333333334
0 0.85 0.14666666666666667 0.035 0.06666666666666667