0 0.758 0.15658362989323843 0.068 0.12811387900355872
0 0.336 0.09608540925266904 0.092 0.16370106761565836
0 0.85 0.1512455516014235 0.128 0.24555160142348753
0 0.183 0.13345195729537365 0.082 0.15302491103202848
0 0.447 0.6690391459074733 0.062 0.099644128113879
0 0.219 0.11387900355871886 0.058 0.1494661921708185
0 0.036 0.4555160142348754 0.06 0.15658362989323843
0 0.087 0.12811387900355872 0.042 0.099644128113879
0 0.143 0.1387900355871886 0.05 0.099644128113879
0 0.486 0.3416370106761566 0.06 0.09252669039145907
0 0.416 0.33807829181494664 0.044 0.09252669039145907