0 0.4 0.5059523809523809 0.136 0.19047619047619047
0 0.077 0.5133928571428571 0.13 0.20535714285714285
0 0.249 0.5163690476190477 0.11 0.17559523809523808
0 0.039 0.3958333333333333 0.066 0.09523809523809523
0 0.634 0.5238095238095238 0.044 0.08928571428571429
0 0.8 0.6339285714285714 0.072 0.1130952380952381
0 0.799 0.47470238095238093 0.022 0.050595238095238096
0 0.733 0.5476190476190477 0.042 0.07142857142857142
0 0.777 0.5580357142857143 0.05 0.06845238095238096
0 0.909 0.49702380952380953 0.034 0.06547619047619048
0 0.819 0.5014880952380952 0.03 0.050595238095238096
0 0.752 0.4895833333333333 0.028 0.044642857142857144