0 0.47 0.37110481586402266 0.06 0.12464589235127478
0 0.888 0.43342776203966005 0.056 0.10198300283286119
0 0.768 0.42776203966005666 0.056 0.08498583569405099
0 0.602 0.3668555240793201 0.072 0.1388101983002833
0 0.161 0.36827195467422097 0.082 0.1359773371104816
0 0.35 0.40509915014164305 0.072 0.1359773371104816
0 0.41 0.4235127478753541 0.044 0.08781869688385269
0 0.213 0.4121813031161473 0.05 0.09915014164305949
0 0.266 0.42917847025495753 0.04 0.06515580736543909
0 0.54 0.4235127478753541 0.04 0.0764872521246459
0 0.678 0.43201133144475923 0.052 0.09915014164305949