0 0.166 0.3843843843843844 0.064 0.10810810810810811
0 0.39 0.43093093093093093 0.036 0.08108108108108109
0 0.223 0.4219219219219219 0.046 0.08708708708708708
0 0.255 0.42342342342342343 0.034 0.08408408408408409
0 0.3 0.42342342342342343 0.04 0.09009009009009009
0 0.329 0.44744744744744747 0.038 0.07207207207207207
0 0.42 0.42792792792792794 0.028 0.07507507507507508
0 0.446 0.42792792792792794 0.028 0.06306306306306306
0 0.58 0.4159159159159159 0.032 0.06306306306306306
0 0.866 0.3963963963963964 0.044 0.08408408408408409
0 0.769 0.3918918918918919 0.042 0.06906906906906907
0 0.647 0.4294294294294294 0.042 0.07807807807807808
0 0.679 0.3963963963963964 0.038 0.06606606606606606
0 0.609 0.4099099099099099 0.034 0.06906906906906907
0 0.561 0.4174174174174174 0.026 0.05405405405405406