0 0.07111111111111111 0.3697674418604651 0.04888888888888889 0.11627906976744186
0 0.19777777777777777 0.3581395348837209 0.044444444444444446 0.12093023255813953
0 0.34444444444444444 0.3744186046511628 0.04888888888888889 0.12558139534883722
0 0.3 0.4441860465116279 0.035555555555555556 0.09767441860465116
0 0.4033333333333333 0.45348837209302323 0.03333333333333333 0.10697674418604651
0 0.45444444444444443 0.3930232558139535 0.051111111111111114 0.10697674418604651
0 0.4922222222222222 0.413953488372093 0.03333333333333333 0.10232558139534884
0 0.5366666666666666 0.46744186046511627 0.03333333333333333 0.09767441860465116
0 0.5755555555555556 0.4441860465116279 0.044444444444444446 0.10697674418604651
0 0.6311111111111111 0.4069767441860465 0.02666666666666667 0.09767441860465116
0 0.6555555555555556 0.43488372093023253 0.04 0.11627906976744186
0 0.7033333333333334 0.4069767441860465 0.042222222222222223 0.12558139534883722
0 0.7977777777777778 0.4441860465116279 0.04 0.09767441860465116
0 0.9344444444444444 0.4418604651162791 0.051111111111111114 0.13023255813953488