0 0.061 0.268 0.074 0.12
0 0.366 0.37866666666666665 0.052 0.08533333333333333
0 0.17 0.31066666666666665 0.048 0.07733333333333334
0 0.083 0.31066666666666665 0.046 0.08266666666666667
0 0.317 0.30133333333333334 0.038 0.064
0 0.381 0.288 0.046 0.058666666666666666
0 0.475 0.336 0.038 0.064
0 0.471 0.288 0.038 0.058666666666666666
0 0.516 0.31333333333333335 0.044 0.06666666666666667
0 0.598 0.30533333333333335 0.028 0.06666666666666667
0 0.654 0.31466666666666665 0.04 0.07466666666666667
0 0.724 0.28 0.052 0.09066666666666667
0 0.836 0.31733333333333336 0.036 0.058666666666666666