0 0.896 0.4093333333333333 0.06 0.09866666666666667
0 0.406 0.58 0.06 0.09333333333333334
0 0.273 0.6493333333333333 0.062 0.09333333333333334
0 0.701 0.612 0.05 0.088
0 0.041 0.404 0.038 0.06133333333333333
0 0.267 0.404 0.034 0.04533333333333334
0 0.319 0.37733333333333335 0.034 0.056
0 0.632 0.5853333333333334 0.056 0.088
0 0.815 0.5813333333333334 0.054 0.07466666666666667
0 0.944 0.4053333333333333 0.056 0.08
0 0.605 0.48533333333333334 0.03 0.048
0 0.487 0.4 0.03 0.048
0 0.727 0.48133333333333334 0.03 0.050666666666666665