0 0.0975 0.35535714285714287 0.115 0.2392857142857143
0 0.1925 0.41964285714285715 0.155 0.24642857142857144
0 0.27125 0.4089285714285714 0.0575 0.18214285714285713
0 0.37 0.4714285714285714 0.045 0.10714285714285714
0 0.40125 0.4589285714285714 0.0575 0.125
0 0.44625 0.43392857142857144 0.0825 0.1392857142857143
0 0.5325 0.3 0.145 0.2571428571428571
0 0.7 0.3875 0.11 0.16785714285714284
0 0.81125 0.2892857142857143 0.1225 0.24285714285714285
0 0.90125 0.4 0.0875 0.15714285714285714
0 0.9475 0.3875 0.05 0.15357142857142858