0 0.634 0.7606666666666667 0.088 0.07866666666666666
0 0.328 0.732 0.056 0.050666666666666665
0 0.434 0.752 0.044 0.050666666666666665
0 0.548 0.29133333333333333 0.04 0.03333333333333333
0 0.098 0.72 0.036 0.02666666666666667
0 0.217 0.7313333333333333 0.034 0.025333333333333333
0 0.046 0.704 0.032 0.02666666666666667
0 0.157 0.73 0.03 0.02266666666666667
0 0.133 0.7106666666666667 0.026 0.021333333333333333
0 0.196 0.72 0.028 0.024
0 0.246 0.7226666666666667 0.028 0.02666666666666667
0 0.274 0.718 0.036 0.028
0 0.464 0.7266666666666667 0.032 0.018666666666666668
0 0.55 0.7326666666666667 0.028 0.025333333333333333
0 0.791 0.7406666666666667 0.03 0.02266666666666667
0 0.415 0.7266666666666667 0.026 0.021333333333333333