0 0.148 0.3048780487804878 0.172 0.32926829268292684
0 0.814 0.3353658536585366 0.18 0.3353658536585366
0 0.478 0.2774390243902439 0.06 0.12804878048780488
0 0.613 0.2606707317073171 0.078 0.1676829268292683
0 0.679 0.24542682926829268 0.118 0.19817073170731708
0 0.538 0.2606707317073171 0.052 0.11280487804878049
0 0.387 0.2850609756097561 0.05 0.10060975609756098
0 0.422 0.2621951219512195 0.044 0.0975609756097561
0 0.308 0.2347560975609756 0.048 0.09146341463414634
0 0.269 0.27439024390243905 0.07 0.14634146341463414
0 0.954 0.2942073170731707 0.056 0.08841463414634146