0 0.722 0.4686746987951807 0.076 0.08433734939759036
0 0.331 0.26385542168674697 0.058 0.06506024096385542
0 0.426 0.24819277108433735 0.052 0.07710843373493977
0 0.332 0.09879518072289156 0.044 0.06746987951807229
0 0.629 0.1 0.05 0.06987951807228916
0 0.808 0.4843373493975904 0.06 0.0819277108433735
0 0.163 0.2385542168674699 0.042 0.05301204819277108
0 0.045 0.11686746987951807 0.026 0.05542168674698795
0 0.845 0.25903614457831325 0.042 0.05542168674698795
0 0.797 0.19879518072289157 0.042 0.05542168674698795
0 0.735 0.1710843373493976 0.046 0.06265060240963856
0 0.61 0.43734939759036146 0.056 0.060240963855421686
0 0.499 0.3421686746987952 0.058 0.05783132530120482
0 0.587 0.3506024096385542 0.058 0.060240963855421686
0 0.298 0.13614457831325302 0.044 0.05060240963855422
0 0.42 0.11686746987951807 0.036 0.05542168674698795
0 0.449 0.10722891566265061 0.038 0.05542168674698795
0 0.482 0.11927710843373494 0.036 0.05542168674698795
0 0.518 0.11566265060240964 0.036 0.05301204819277108
0 0.56 0.09156626506024096 0.052 0.06746987951807229