0 0.08196721311475409 0.28 0.06557377049180328 0.12
0 0.11293260473588343 0.33666666666666667 0.03642987249544627 0.08
0 0.1448087431693989 0.33666666666666667 0.030965391621129327 0.07333333333333333
0 0.2331511839708561 0.2816666666666667 0.04371584699453552 0.09
0 0.2650273224043716 0.305 0.03460837887067395 0.09
0 0.32786885245901637 0.31333333333333335 0.03278688524590164 0.09333333333333334
0 0.3542805100182149 0.30833333333333335 0.03460837887067395 0.07
0 0.43806921675774135 0.29833333333333334 0.030965391621129327 0.07
0 0.4672131147540984 0.31833333333333336 0.030965391621129327 0.06333333333333334
0 0.5300546448087432 0.31666666666666665 0.03642987249544627 0.06666666666666667
0 0.5619307832422586 0.3416666666666667 0.0273224043715847 0.07
0 0.5983606557377049 0.3433333333333333 0.0273224043715847 0.06666666666666667
0 0.697632058287796 0.33666666666666667 0.025500910746812388 0.06666666666666667
0 0.848816029143898 0.2866666666666667 0.029143897996357013 0.07333333333333333
0 0.8233151183970856 0.2916666666666667 0.02185792349726776 0.056666666666666664