0 0.967 0.3942598187311178 0.062 0.11782477341389729
0 0.08 0.38821752265861026 0.068 0.11178247734138973
0 0.597 0.3942598187311178 0.054 0.09969788519637462
0 0.204 0.4108761329305136 0.048 0.09667673716012085
0 0.329 0.4244712990936556 0.034 0.0634441087613293
0 0.022 0.44410876132930516 0.04 0.09063444108761329
0 0.152 0.45317220543806647 0.052 0.08459214501510574
0 0.266 0.43202416918429004 0.04 0.08459214501510574
0 0.397 0.41842900302114805 0.046 0.08157099697885196
0 0.435 0.41389728096676737 0.038 0.06646525679758308
0 0.506 0.4123867069486405 0.04 0.08157099697885196
0 0.536 0.4244712990936556 0.032 0.0634441087613293
0 0.692 0.4214501510574018 0.052 0.09365558912386707
0 0.664 0.40181268882175225 0.036 0.08459214501510574
0 0.742 0.41842900302114805 0.036 0.06948640483383686
0 0.824 0.3851963746223565 0.052 0.08761329305135952