0 0.359 0.632 0.114 0.16533333333333333
0 0.193 0.4786666666666667 0.074 0.11466666666666667
0 0.492 0.5506666666666666 0.084 0.12
0 0.083 0.6 0.11 0.19733333333333333
0 0.67 0.5213333333333333 0.068 0.09866666666666667
0 0.336 0.464 0.06 0.07466666666666667
0 0.478 0.43733333333333335 0.048 0.06933333333333333
0 0.549 0.43066666666666664 0.046 0.06666666666666667
0 0.764 0.5146666666666667 0.06 0.08533333333333333
0 0.768 0.46266666666666667 0.048 0.06133333333333333
0 0.764 0.424 0.032 0.05333333333333334
0 0.828 0.44533333333333336 0.06 0.07466666666666667