0 0.282 0.456 0.072 0.112
0 0.635 0.44266666666666665 0.05 0.08
0 0.377 0.42 0.058 0.08266666666666667
0 0.529 0.43466666666666665 0.042 0.07466666666666667
0 0.233 0.44133333333333336 0.046 0.07733333333333334
0 0.482 0.45066666666666666 0.044 0.07466666666666667
0 0.092 0.4613333333333333 0.04 0.064
0 0.676 0.44666666666666666 0.04 0.06666666666666667
0 0.745 0.4573333333333333 0.03 0.050666666666666665
0 0.786 0.45466666666666666 0.032 0.050666666666666665
0 0.953 0.44133333333333336 0.038 0.056