0 0.452 0.5716374269005848 0.1 0.14327485380116958
0 0.625 0.20906432748538012 0.114 0.17251461988304093
0 0.685 0.14035087719298245 0.062 0.10526315789473684
0 0.35 0.4517543859649123 0.084 0.12573099415204678
0 0.485 0.1388888888888889 0.054 0.1023391812865497
0 0.327 0.5248538011695907 0.098 0.13157894736842105
0 0.213 0.26608187134502925 0.074 0.1286549707602339
0 0.519 0.2309941520467836 0.066 0.11695906432748537
0 0.764 0.1301169590643275 0.072 0.13742690058479531
0 0.545 0.15789473684210525 0.05 0.07602339181286549
0 0.915 0.05847953216374269 0.046 0.07017543859649122