0 0.921 0.33490566037735847 0.086 0.16037735849056603
0 0.714 0.34591194968553457 0.08 0.15723270440251572
0 0.24 0.47641509433962265 0.104 0.18553459119496854
0 0.59 0.35377358490566035 0.076 0.17295597484276728
0 0.145 0.3380503144654088 0.138 0.31761006289308175
0 0.442 0.3632075471698113 0.096 0.1792452830188679
0 0.336 0.49056603773584906 0.108 0.20125786163522014
0 0.547 0.3632075471698113 0.05 0.1289308176100629
0 0.052 0.35377358490566035 0.096 0.34276729559748426
0 0.662 0.419811320754717 0.044 0.10377358490566038
0 0.816 0.4166666666666667 0.028 0.05345911949685535