0 0.6316964285714286 0.2692307692307692 0.0625 0.13043478260869565
0 0.8861607142857143 0.2959866220735786 0.05803571428571429 0.13043478260869565
0 0.2689732142857143 0.3010033444816054 0.060267857142857144 0.12709030100334448
0 0.6875 0.29264214046822745 0.049107142857142856 0.10367892976588629
0 0.3392857142857143 0.32608695652173914 0.04017857142857143 0.08361204013377926
0 0.43080357142857145 0.2993311036789298 0.0625 0.13043478260869565
0 0.21651785714285715 0.3076923076923077 0.049107142857142856 0.09364548494983277
0 0.36941964285714285 0.32441471571906355 0.029017857142857144 0.06688963210702341
0 0.5725446428571429 0.31270903010033446 0.029017857142857144 0.056856187290969896
0 0.7366071428571429 0.3010033444816054 0.03125 0.06688963210702341
0 0.7823660714285714 0.30434782608695654 0.04241071428571429 0.08695652173913043