0 0.281 0.5574712643678161 0.054 0.09425287356321839
0 0.498 0.5666666666666667 0.048 0.06666666666666667
0 0.042 0.5310344827586206 0.052 0.08275862068965517
0 0.238 0.5724137931034483 0.044 0.0735632183908046
0 0.15 0.5528735632183908 0.056 0.06666666666666667
0 0.082 0.5563218390804597 0.04 0.059770114942528735
0 0.396 0.5436781609195402 0.032 0.04827586206896552
0 0.453 0.5597701149425287 0.038 0.06206896551724138
0 0.57 0.5494252873563218 0.044 0.05517241379310345
0 0.686 0.5471264367816092 0.044 0.06436781609195402
0 0.774 0.5586206896551724 0.04 0.05057471264367816
0 0.836 0.539080459770115 0.032 0.04827586206896552
0 0.966 0.5494252873563218 0.044 0.06436781609195402
0 0.911 0.5701149425287356 0.042 0.059770114942528735
0 0.419 0.5563218390804597 0.018 0.0367816091954023