0 0.236 0.31681681681681684 0.076 0.16516516516516516
0 0.396 0.3333333333333333 0.096 0.16816816816816818
0 0.912 0.31981981981981983 0.128 0.23723723723723725
0 0.642 0.3738738738738739 0.06 0.11711711711711711
0 0.569 0.3123123123123123 0.102 0.18018018018018017
0 0.756 0.33633633633633636 0.096 0.1981981981981982
0 0.972 0.2627627627627628 0.056 0.23723723723723725
0 0.116 0.4009009009009009 0.048 0.08708708708708708
0 0.489 0.3993993993993994 0.042 0.07807807807807808
0 0.816 0.3993993993993994 0.056 0.11411411411411411
0 0.316 0.4069069069069069 0.04 0.08108108108108109