0 0.116 0.3076923076923077 0.08 0.17094017094017094
0 0.858 0.32905982905982906 0.068 0.1339031339031339
0 0.686 0.30626780626780625 0.092 0.16809116809116809
0 0.376 0.3176638176638177 0.08 0.1452991452991453
0 0.973 0.35185185185185186 0.054 0.16809116809116809
0 0.436 0.3333333333333333 0.056 0.10826210826210826
0 0.246 0.34472934472934474 0.052 0.10826210826210826
0 0.485 0.35327635327635326 0.054 0.11965811965811966
0 0.653 0.3176638176638177 0.058 0.1396011396011396
0 0.533 0.37037037037037035 0.038 0.08547008547008547
0 0.585 0.349002849002849 0.042 0.08831908831908832
0 0.306 0.37037037037037035 0.04 0.07407407407407407
0 0.079 0.35185185185185186 0.058 0.1168091168091168