0 0.4239583333333333 0.24630541871921183 0.11458333333333333 0.13793103448275862
0 0.5041666666666667 0.2832512315270936 0.15416666666666667 0.1724137931034483
0 0.9572916666666667 0.28201970443349755 0.06041666666666667 0.0812807881773399
0 0.7479166666666667 0.2746305418719212 0.06666666666666667 0.0812807881773399
0 0.8541666666666666 0.3830049261083744 0.058333333333333334 0.07635467980295567
0 0.7041666666666667 0.32389162561576357 0.075 0.0960591133004926
0 0.75 0.14901477832512317 0.05 0.07635467980295567
0 0.640625 0.16625615763546797 0.04375 0.0665024630541872
0 0.5697916666666667 0.16379310344827586 0.06041666666666667 0.07142857142857142
0 0.296875 0.24753694581280788 0.052083333333333336 0.07142857142857142
0 0.33229166666666665 0.16379310344827586 0.05625 0.07635467980295567
0 0.49166666666666664 0.16379310344827586 0.05416666666666667 0.07142857142857142
0 0.1875 0.14655172413793102 0.041666666666666664 0.0665024630541872