0 0.056 0.5405405405405406 0.056 0.09009009009009009
0 0.152 0.5135135135135135 0.076 0.15015015015015015
0 0.248 0.5345345345345346 0.052 0.09009009009009009
0 0.31 0.527027027027027 0.068 0.12312312312312312
0 0.378 0.551051051051051 0.036 0.08108108108108109
0 0.415 0.5225225225225225 0.054 0.10810810810810811
0 0.45 0.536036036036036 0.032 0.07507507507507508
0 0.522 0.5525525525525525 0.024 0.07207207207207207
0 0.554 0.5555555555555556 0.044 0.08408408408408409
0 0.632 0.5315315315315315 0.044 0.0960960960960961
0 0.762 0.5555555555555556 0.044 0.07807807807807808