0 0.9457943925233645 0.38166666666666665 0.06728971962616823 0.15
0 0.602803738317757 0.48 0.13271028037383178 0.25333333333333335
0 0.874766355140187 0.4483333333333333 0.07476635514018691 0.13
0 0.702803738317757 0.3933333333333333 0.056074766355140186 0.12
0 0.06635514018691589 0.36833333333333335 0.09532710280373832 0.15
0 0.811214953271028 0.43 0.08971962616822429 0.18
0 0.26822429906542056 0.475 0.13271028037383178 0.25666666666666665
0 0.5242990654205607 0.2916666666666667 0.05046728971962617 0.12333333333333334
0 0.18130841121495328 0.38666666666666666 0.08598130841121496 0.15333333333333332
0 0.0514018691588785 0.2866666666666667 0.0616822429906542 0.1
0 0.17196261682242991 0.26 0.044859813084112146 0.07333333333333333
0 0.33457943925233646 0.31833333333333336 0.029906542056074768 0.07
0 0.4289719626168224 0.31166666666666665 0.04672897196261682 0.09
0 0.616822429906542 0.3433333333333333 0.059813084112149535 0.09333333333333334