0 0.8479899497487438 0.3104026845637584 0.0728643216080402 0.11073825503355705
0 0.9309045226130653 0.29194630872483224 0.06281407035175879 0.10738255033557047
0 0.7123115577889447 0.29194630872483224 0.052763819095477386 0.09395973154362416
0 0.41457286432160806 0.2953020134228188 0.05025125628140704 0.087248322147651
0 0.5615577889447236 0.30201342281879195 0.05778894472361809 0.09395973154362416
0 0.6620603015075377 0.2902684563758389 0.04271356783919598 0.08389261744966443
0 0.30025125628140703 0.3187919463087248 0.04773869346733668 0.08053691275167785
0 0.4937185929648241 0.29697986577181207 0.04271356783919598 0.07718120805369127
0 0.0992462311557789 0.29697986577181207 0.04773869346733668 0.08389261744966443
0 0.1884422110552764 0.40939597315436244 0.06030150753768844 0.06711409395973154
0 0.19597989949748743 0.3070469798657718 0.035175879396984924 0.06375838926174497
0 0.7613065326633166 0.32046979865771813 0.05025125628140704 0.11073825503355705
0 0.5314070351758794 0.3187919463087248 0.04271356783919598 0.087248322147651