0 0.065 0.316 0.066 0.11466666666666667
0 0.183 0.264 0.066 0.112
0 0.229 0.192 0.054 0.10666666666666667
0 0.308 0.27466666666666667 0.064 0.112
0 0.367 0.244 0.058 0.10933333333333334
0 0.428 0.18266666666666667 0.052 0.07733333333333334
0 0.478 0.28 0.064 0.096
0 0.503 0.21066666666666667 0.05 0.096
0 0.612 0.212 0.06 0.09333333333333334
0 0.806 0.3546666666666667 0.056 0.08533333333333333
0 0.664 0.21866666666666668 0.052 0.096
0 0.944 0.312 0.068 0.13333333333333333
0 0.84 0.2653333333333333 0.056 0.09333333333333334
0 0.767 0.22266666666666668 0.066 0.104
0 0.762 0.14266666666666666 0.048 0.07733333333333334
0 0.838 0.176 0.056 0.08533333333333333