0 0.107 0.432 0.106 0.16533333333333333
0 0.936 0.5013333333333333 0.044 0.058666666666666666
0 0.891 0.49733333333333335 0.034 0.056
0 0.37 0.4573333333333333 0.072 0.12533333333333332
0 0.416 0.47333333333333333 0.048 0.09866666666666667
0 0.468 0.48133333333333334 0.044 0.07733333333333334
0 0.498 0.46 0.04 0.08266666666666667
0 0.603 0.5026666666666667 0.042 0.06133333333333333
0 0.653 0.49866666666666665 0.038 0.064
0 0.726 0.49333333333333335 0.04 0.06933333333333333
0 0.787 0.5066666666666667 0.022 0.042666666666666665
0 0.847 0.49866666666666665 0.034 0.058666666666666666
0 0.822 0.496 0.024 0.05333333333333334
0 0.565 0.4786666666666667 0.03 0.056
0 0.516 0.496 0.028 0.048