0 0.095 0.25667655786350146 0.146 0.26409495548961426
0 0.465 0.3026706231454006 0.082 0.17804154302670624
0 0.78 0.2952522255192878 0.084 0.1632047477744807
0 0.889 0.30415430267062316 0.094 0.1632047477744807
0 0.388 0.31008902077151335 0.048 0.10385756676557864
0 0.664 0.2789317507418398 0.056 0.11869436201780416
0 0.732 0.31750741839762614 0.036 0.10089020771513353
0 0.595 0.30712166172106825 0.046 0.09792284866468842
0 0.216 0.33827893175074186 0.04 0.0830860534124629
0 0.154 0.3590504451038576 0.04 0.10089020771513353
0 0.975 0.3115727002967359 0.042 0.11275964391691394