0 0.6829268292682927 0.673992673992674 0.07317073170731707 0.1391941391941392
0 0.8951219512195122 0.5622710622710623 0.06341463414634146 0.1282051282051282
0 0.4975609756097561 0.6813186813186813 0.08292682926829269 0.15384615384615385
0 0.7365853658536585 0.6282051282051282 0.06341463414634146 0.11355311355311355
0 0.9451219512195121 0.5421245421245421 0.05609756097560976 0.11721611721611722
0 0.18414634146341463 0.5183150183150184 0.06097560975609756 0.12087912087912088
0 0.18170731707317073 0.663003663003663 0.06097560975609756 0.11721611721611722
0 0.6195121951219512 0.5494505494505495 0.05853658536585366 0.10256410256410256
0 0.26707317073170733 0.7637362637362637 0.08536585365853659 0.18681318681318682
0 0.7792682926829269 0.5164835164835165 0.06097560975609756 0.13186813186813187
0 0.5341463414634147 0.6007326007326007 0.06829268292682927 0.10256410256410256
0 0.29634146341463413 0.6043956043956044 0.05121951219512195 0.10256410256410256
0 0.5573170731707318 0.5128205128205128 0.05121951219512195 0.08791208791208792
0 0.4609756097560976 0.46703296703296704 0.04878048780487805 0.09157509157509157
0 0.4219512195121951 0.5915750915750916 0.05365853658536585 0.09157509157509157