0 0.333 0.19519519519519518 0.05 0.07807807807807808
0 0.674 0.16216216216216217 0.052 0.0960960960960961
0 0.14 0.22372372372372373 0.04 0.08708708708708708
0 0.21 0.2552552552552553 0.036 0.07207207207207207
0 0.229 0.22072072072072071 0.03 0.06306306306306306
0 0.832 0.3183183183183183 0.064 0.13213213213213212
0 0.701 0.17417417417417416 0.034 0.09009009009009009
0 0.602 0.1981981981981982 0.044 0.09009009009009009
0 0.442 0.2147147147147147 0.044 0.09309309309309309
0 0.487 0.23873873873873874 0.05 0.08708708708708708
0 0.538 0.23123123123123124 0.024 0.05405405405405406
0 0.082 0.2147147147147147 0.044 0.08108108108108109
0 0.013 0.2072072072072072 0.022 0.08408408408408409