0 0.945 0.28719723183391005 0.07 0.15916955017301038
0 0.049 0.35294117647058826 0.058 0.1314878892733564
0 0.753 0.3235294117647059 0.058 0.12802768166089964
0 0.849 0.31833910034602075 0.058 0.1314878892733564
0 0.655 0.3217993079584775 0.054 0.11764705882352941
0 0.499 0.34429065743944637 0.054 0.11418685121107267
0 0.275 0.3356401384083045 0.058 0.10380622837370242
0 0.195 0.3788927335640138 0.054 0.10726643598615918
0 0.584 0.35294117647058826 0.056 0.11764705882352941
0 0.14 0.35986159169550175 0.048 0.11072664359861592
0 0.421 0.3408304498269896 0.046 0.10726643598615918
0 0.347 0.3788927335640138 0.046 0.10726643598615918