0 0.26 0.3960843373493976 0.056 0.11746987951807229
0 0.494 0.4141566265060241 0.044 0.09337349397590361
0 0.202 0.44728915662650603 0.072 0.12951807228915663
0 0.701 0.40210843373493976 0.066 0.1355421686746988
0 0.934 0.3328313253012048 0.124 0.20783132530120482
0 0.593 0.4171686746987952 0.066 0.11746987951807229
0 0.831 0.4036144578313253 0.058 0.12048192771084337
0 0.14 0.44126506024096385 0.056 0.09939759036144578
0 0.386 0.45180722891566266 0.052 0.10843373493975904
0 0.757 0.42771084337349397 0.046 0.09036144578313253
0 0.66 0.4171686746987952 0.036 0.09337349397590361
0 0.082 0.4713855421686747 0.044 0.08734939759036145
0 0.35 0.48343373493975905 0.048 0.09337349397590361
0 0.425 0.40512048192771083 0.034 0.06927710843373494
0 0.45 0.4608433734939759 0.044 0.0783132530120482
0 0.798 0.4367469879518072 0.036 0.0963855421686747
0 0.528 0.4608433734939759 0.04 0.0783132530120482