0 0.598 0.18818681318681318 0.072 0.12912087912087913
0 0.381 0.1978021978021978 0.07 0.1043956043956044
0 0.769 0.2706043956043956 0.094 0.16758241758241757
0 0.062 0.25961538461538464 0.12 0.22802197802197802
0 0.946 0.24313186813186813 0.056 0.09615384615384616
0 0.27 0.22115384615384615 0.044 0.07417582417582418
0 0.232 0.1936813186813187 0.036 0.06318681318681318
0 0.344 0.2129120879120879 0.032 0.06868131868131869
0 0.427 0.21428571428571427 0.034 0.08791208791208792
0 0.478 0.21016483516483517 0.036 0.06868131868131869
0 0.512 0.2087912087912088 0.04 0.07692307692307693
0 0.155 0.2032967032967033 0.042 0.04945054945054945
0 0.183 0.18269230769230768 0.034 0.0521978021978022
0 0.832 0.260989010989011 0.052 0.12087912087912088
0 0.719 0.1813186813186813 0.034 0.054945054945054944