0 0.183 0.5075075075075075 0.054 0.09009009009009009
0 0.329 0.493993993993994 0.034 0.057057057057057055
0 0.375 0.49099099099099097 0.026 0.057057057057057055
0 0.492 0.466966966966967 0.036 0.06906906906906907
0 0.591 0.466966966966967 0.038 0.07507507507507508
0 0.703 0.45645645645645644 0.042 0.08408408408408409
0 0.865 0.41291291291291293 0.046 0.08708708708708708
0 0.737 0.43993993993993996 0.046 0.08708708708708708
0 0.808 0.4519519519519519 0.036 0.07507507507507508
0 0.273 0.4594594594594595 0.046 0.07807807807807808
0 0.378 0.46396396396396394 0.036 0.04504504504504504