0 0.835 0.3993993993993994 0.086 0.12612612612612611
0 0.738 0.30930930930930933 0.056 0.11411411411411411
0 0.193 0.3063063063063063 0.122 0.18618618618618618
0 0.471 0.3408408408408408 0.058 0.0990990990990991
0 0.313 0.34384384384384387 0.054 0.0990990990990991
0 0.791 0.34384384384384387 0.054 0.0990990990990991
0 0.135 0.26126126126126126 0.054 0.14414414414414414
0 0.386 0.3813813813813814 0.032 0.07207207207207207
0 0.537 0.3633633633633634 0.042 0.09009009009009009
0 0.611 0.3858858858858859 0.074 0.12312312312312312
0 0.582 0.3228228228228228 0.06 0.10510510510510511
0 0.66 0.3813813813813814 0.036 0.06606606606606606