0 0.7325 0.2915194346289753 0.195 0.3286219081272085
0 0.365 0.4876325088339223 0.07 0.11307420494699646
0 0.175 0.45936395759717313 0.1 0.17667844522968199
0 0.25125 0.4876325088339223 0.0875 0.1625441696113074
0 0.49625 0.4717314487632509 0.0525 0.0812720848056537
0 0.1125 0.39399293286219084 0.06 0.1166077738515901
0 0.435 0.4911660777385159 0.065 0.0989399293286219
0 0.655 0.36925795053003535 0.08 0.13074204946996468
0 0.33625 0.43286219081272087 0.0375 0.053003533568904596
0 0.02375 0.4381625441696113 0.0425 0.0989399293286219
0 0.04125 0.3586572438162544 0.0525 0.08833922261484099