0 0.052 0.36826347305389223 0.06 0.1377245508982036
0 0.194 0.38323353293413176 0.056 0.10778443113772455
0 0.846 0.4116766467065868 0.06 0.11077844311377245
0 0.57 0.39520958083832336 0.056 0.10179640718562874
0 0.423 0.38772455089820357 0.05 0.11077844311377245
0 0.516 0.3967065868263473 0.04 0.08682634730538923
0 0.757 0.43862275449101795 0.05 0.09281437125748503
0 0.36 0.3997005988023952 0.036 0.08682634730538923
0 0.11 0.4236526946107784 0.032 0.08083832335329341
0 0.154 0.4221556886227545 0.044 0.08383233532934131
0 0.255 0.4281437125748503 0.046 0.08383233532934131
0 0.328 0.4251497005988024 0.044 0.09580838323353294
0 0.645 0.40718562874251496 0.042 0.09580838323353294
0 0.94 0.4535928143712575 0.032 0.05688622754491018
0 0.986 0.47155688622754494 0.028 0.05688622754491018