0 0.314 0.8367952522255193 0.036 0.05934718100890208
0 0.811 0.5044510385756676 0.038 0.05341246290801187
0 0.426 0.6884272997032641 0.036 0.03560830860534125
0 0.322 0.6928783382789317 0.04 0.05637982195845697
0 0.412 0.6468842729970327 0.032 0.04747774480712166
0 0.473 0.4020771513353116 0.038 0.05637982195845697
0 0.594 0.26706231454005935 0.04 0.05341246290801187
0 0.598 0.4035608308605341 0.04 0.05934718100890208
0 0.466 0.23887240356083086 0.028 0.04451038575667656
0 0.499 0.2166172106824926 0.038 0.05341246290801187
0 0.544 0.2062314540059347 0.032 0.06231454005934718