0 0.899 0.3083832335329341 0.07 0.1497005988023952
0 0.325 0.30988023952095806 0.082 0.1467065868263473
0 0.56 0.3083832335329341 0.072 0.1377245508982036
0 0.043 0.2844311377245509 0.07 0.17964071856287425
0 0.833 0.36377245508982037 0.114 0.2245508982035928
0 0.121 0.3338323353293413 0.122 0.218562874251497
0 0.486 0.33682634730538924 0.088 0.15868263473053892
0 0.243 0.25 0.106 0.218562874251497
0 0.706 0.3068862275449102 0.096 0.19461077844311378
0 0.379 0.30538922155688625 0.058 0.10778443113772455
0 0.641 0.3143712574850299 0.05 0.11377245508982035