0 0.334 0.4012738853503185 0.076 0.15286624203821655
0 0.687 0.43471337579617836 0.066 0.1305732484076433
0 0.109 0.4299363057324841 0.062 0.12738853503184713
0 0.048 0.45063694267515925 0.06 0.10509554140127389
0 0.505 0.4140127388535032 0.054 0.10191082802547771
0 0.637 0.4856687898089172 0.042 0.08598726114649681
0 0.865 0.4713375796178344 0.038 0.08280254777070063
0 0.941 0.49363057324840764 0.05 0.07643312101910828
0 0.903 0.47770700636942676 0.038 0.09554140127388536
0 0.41 0.4856687898089172 0.032 0.06687898089171974
0 0.596 0.4681528662420382 0.028 0.05732484076433121
0 0.158 0.4585987261146497 0.024 0.05732484076433121
0 0.284 0.4570063694267516 0.02 0.041401273885350316