0 0.07303370786516854 0.22833333333333333 0.0599250936329588 0.11666666666666667
0 0.31273408239700373 0.22833333333333333 0.0749063670411985 0.14333333333333334
0 0.4803370786516854 0.265 0.07303370786516854 0.13666666666666666
0 0.8080524344569289 0.2683333333333333 0.05805243445692884 0.15
0 0.6264044943820225 0.25333333333333335 0.05056179775280899 0.12666666666666668
0 0.5411985018726592 0.24333333333333335 0.026217228464419477 0.07333333333333333
0 0.37640449438202245 0.23666666666666666 0.033707865168539325 0.09333333333333334
0 0.5739700374531835 0.245 0.031835205992509365 0.09
0 0.7565543071161048 0.2633333333333333 0.0299625468164794 0.08
0 0.900749063670412 0.2733333333333333 0.03745318352059925 0.09333333333333334
0 0.13295880149812733 0.23833333333333334 0.04119850187265917 0.08333333333333333
0 0.02153558052434457 0.245 0.035580524344569285 0.08333333333333333
0 0.17134831460674158 0.23333333333333334 0.024344569288389514 0.06