0 0.4504950495049505 0.48 0.04950495049504951 0.12
0 0.5277227722772277 0.48 0.04950495049504951 0.11333333333333333
0 0.07425742574257425 0.455 0.04950495049504951 0.09666666666666666
0 0.3504950495049505 0.48 0.05148514851485148 0.10666666666666667
0 0.16732673267326734 0.4683333333333333 0.04950495049504951 0.09666666666666666
0 0.600990099009901 0.4716666666666667 0.041584158415841586 0.10333333333333333
0 0.6623762376237624 0.46 0.04554455445544554 0.09333333333333334
0 0.8336633663366336 0.455 0.04356435643564356 0.07666666666666666
0 0.2584158415841584 0.47333333333333333 0.04950495049504951 0.10666666666666667
0 0.7445544554455445 0.4716666666666667 0.05148514851485148 0.09666666666666666
0 0.9217821782178218 0.5016666666666667 0.041584158415841586 0.08333333333333333