0 0.159 0.6521084337349398 0.042 0.06325301204819277
0 0.256 0.6807228915662651 0.056 0.0963855421686747
0 0.347 0.6852409638554217 0.034 0.05120481927710843
0 0.387 0.6686746987951807 0.038 0.07228915662650602
0 0.526 0.6867469879518072 0.04 0.07228915662650602
0 0.604 0.6942771084337349 0.044 0.08734939759036145
0 0.71 0.7153614457831325 0.036 0.06325301204819277
0 0.649 0.7048192771084337 0.034 0.060240963855421686
0 0.223 0.6807228915662651 0.034 0.06626506024096386
0 0.573 0.6957831325301205 0.038 0.060240963855421686
0 0.448 0.6987951807228916 0.056 0.09036144578313253
0 0.446 0.6490963855421686 0.04 0.05120481927710843