0 0.19850187265917604 0.3383333333333333 0.056179775280898875 0.11666666666666667
0 0.35580524344569286 0.35 0.052434456928838954 0.1
0 0.596441947565543 0.335 0.04681647940074907 0.10333333333333333
0 0.4681647940074906 0.36 0.04119850187265917 0.09333333333333334
0 0.24719101123595505 0.3516666666666667 0.04119850187265917 0.09
0 0.5608614232209738 0.35333333333333333 0.035580524344569285 0.09333333333333334
0 0.6423220973782772 0.36666666666666664 0.0449438202247191 0.08666666666666667
0 0.41198501872659177 0.37833333333333335 0.0299625468164794 0.07666666666666666
0 0.3792134831460674 0.3616666666666667 0.028089887640449437 0.07666666666666666
0 0.29681647940074907 0.38 0.031835205992509365 0.07333333333333333
0 0.025280898876404494 0.405 0.04681647940074907 0.25666666666666665