0 0.369 0.4713855421686747 0.09 0.16566265060240964
0 0.214 0.3689759036144578 0.144 0.2740963855421687
0 0.725 0.4563253012048193 0.074 0.14759036144578314
0 0.826 0.46536144578313254 0.096 0.18373493975903615
0 0.541 0.45331325301204817 0.094 0.1716867469879518
0 0.761 0.45481927710843373 0.054 0.13253012048192772
0 0.631 0.4879518072289157 0.046 0.09036144578313253
0 0.985 0.5015060240963856 0.026 0.09337349397590361
0 0.276 0.4608433734939759 0.072 0.15060240963855423
0 0.481 0.4924698795180723 0.046 0.08132530120481928
0 0.665 0.5346385542168675 0.05 0.09939759036144578
0 0.945 0.47289156626506024 0.054 0.0783132530120482
0 0.676 0.4683734939759036 0.036 0.0572289156626506