0 0.81 0.4427710843373494 0.064 0.1144578313253012
0 0.734 0.411144578313253 0.08 0.14759036144578314
0 0.095 0.4307228915662651 0.114 0.1927710843373494
0 0.221 0.3990963855421687 0.074 0.12349397590361445
0 0.443 0.411144578313253 0.058 0.12349397590361445
0 0.335 0.3433734939759036 0.094 0.1746987951807229
0 0.579 0.4382530120481928 0.054 0.11746987951807229
0 0.656 0.4246987951807229 0.056 0.10240963855421686
0 0.883 0.40210843373493976 0.058 0.11144578313253012
0 0.025 0.4141566265060241 0.046 0.1536144578313253
0 0.542 0.4382530120481928 0.044 0.10542168674698796
0 0.51 0.44126506024096385 0.028 0.06927710843373494