0 0.896 0.4338709677419355 0.056 0.08709677419354839
0 0.729 0.43548387096774194 0.05 0.09032258064516129
0 0.317 0.432258064516129 0.03 0.05161290322580645
0 0.392 0.432258064516129 0.028 0.06451612903225806
0 0.414 0.4403225806451613 0.02 0.06129032258064516
0 0.475 0.41451612903225804 0.03 0.06129032258064516
0 0.445 0.43709677419354837 0.022 0.06129032258064516
0 0.522 0.4258064516129032 0.032 0.08387096774193549
0 0.556 0.42096774193548386 0.032 0.08064516129032258
0 0.693 0.43548387096774194 0.03 0.07096774193548387
0 0.646 0.42258064516129035 0.036 0.09032258064516129