0 0.17 0.2930513595166163 0.072 0.13293051359516617
0 0.349 0.2854984894259819 0.05 0.11178247734138973
0 0.444 0.3187311178247734 0.048 0.09969788519637462
0 0.113 0.3217522658610272 0.042 0.09365558912386707
0 0.303 0.31268882175226587 0.038 0.08761329305135952
0 0.49 0.32628398791540786 0.04 0.07854984894259819
0 0.543 0.3338368580060423 0.038 0.0634441087613293
0 0.24 0.311178247734139 0.052 0.08459214501510574
0 0.028 0.33534743202416917 0.044 0.07250755287009064
0 0.602 0.3368580060422961 0.04 0.0634441087613293
0 0.687 0.2945619335347432 0.046 0.08761329305135952
0 0.75 0.3293051359516616 0.032 0.06646525679758308