0 0.185 0.4622356495468278 0.07 0.12084592145015106
0 0.325 0.48036253776435045 0.058 0.10876132930513595
0 0.955 0.49244712990936557 0.05 0.09667673716012085
0 0.227 0.4909365558912387 0.046 0.08761329305135952
0 0.6 0.47583081570996977 0.036 0.09365558912386707
0 0.647 0.5060422960725075 0.03 0.0755287009063444
0 0.818 0.49697885196374625 0.04 0.08157099697885196
0 0.72 0.5302114803625377 0.028 0.05740181268882175
0 0.694 0.5090634441087614 0.044 0.08761329305135952
0 0.569 0.4788519637462236 0.046 0.09365558912386707
0 0.461 0.4909365558912387 0.054 0.09365558912386707