0 0.7443396226415094 0.5325670498084292 0.0660377358490566 0.1532567049808429
0 0.310377358490566 0.5440613026819924 0.0509433962264151 0.12260536398467432
0 0.8669811320754717 0.5478927203065134 0.04716981132075472 0.13026819923371646
0 0.4160377358490566 0.5632183908045977 0.04716981132075472 0.11494252873563218
0 0.24150943396226415 0.5498084291187739 0.052830188679245285 0.11877394636015326
0 0.6386792452830189 0.553639846743295 0.0509433962264151 0.12643678160919541
0 0.9141509433962264 0.5651340996168582 0.04339622641509434 0.13409961685823754
0 0.5047169811320755 0.5747126436781609 0.0509433962264151 0.11494252873563218
0 0.027358490566037737 0.5440613026819924 0.035849056603773584 0.0842911877394636
0 0.17169811320754716 0.5938697318007663 0.04150943396226415 0.09195402298850575
0 0.6877358490566038 0.6264367816091954 0.03207547169811321 0.08045977011494253