0 0.939 0.30335365853658536 0.058 0.10060975609756098
0 0.15 0.36890243902439024 0.044 0.09146341463414634
0 0.241 0.3475609756097561 0.05 0.09146341463414634
0 0.374 0.3643292682926829 0.048 0.08841463414634146
0 0.564 0.35365853658536583 0.048 0.07926829268292683
0 0.427 0.3231707317073171 0.034 0.06707317073170732
0 0.114 0.3567073170731707 0.028 0.054878048780487805
0 0.481 0.40853658536585363 0.038 0.07926829268292683
0 0.523 0.33384146341463417 0.034 0.07621951219512195
0 0.678 0.32164634146341464 0.032 0.06402439024390244
0 0.728 0.31859756097560976 0.04 0.07621951219512195
0 0.806 0.31402439024390244 0.04 0.07317073170731707
0 0.604 0.4649390243902439 0.04 0.0701219512195122
0 0.872 0.32621951219512196 0.044 0.09146341463414634
0 0.59 0.31859756097560976 0.032 0.0701219512195122