0 0.931 0.865 0.106 0.22333333333333333
0 0.73 0.8166666666666667 0.104 0.18666666666666668
0 0.645 0.8416666666666667 0.094 0.16333333333333333
0 0.036 0.33666666666666667 0.068 0.14
0 0.107 0.23833333333333334 0.086 0.14333333333333334
0 0.209 0.15833333333333333 0.066 0.12333333333333334
0 0.204 0.355 0.08 0.13666666666666666
0 0.196 0.5183333333333333 0.088 0.16333333333333333
0 0.324 0.7216666666666667 0.084 0.17
0 0.45 0.7183333333333334 0.088 0.16333333333333333
0 0.562 0.6533333333333333 0.096 0.18666666666666668
0 0.302 0.5933333333333334 0.08 0.12666666666666668
0 0.366 0.6616666666666666 0.088 0.15
0 0.586 0.5016666666666667 0.08 0.15
0 0.467 0.5483333333333333 0.078 0.15
0 0.412 0.41 0.084 0.13333333333333333
0 0.303 0.4666666666666667 0.082 0.14666666666666667
0 0.589 0.3883333333333333 0.082 0.12333333333333334
0 0.291 0.3433333333333333 0.078 0.12
0 0.282 0.265 0.088 0.11666666666666667
0 0.358 0.21 0.068 0.14666666666666667
0 0.364 0.115 0.072 0.12333333333333334
0 0.492 0.24166666666666667 0.072 0.15666666666666668
0 0.697 0.19666666666666666 0.066 0.15333333333333332
0 0.578 0.225 0.072 0.13
0 0.54 0.33 0.064 0.12
0 0.664 0.10166666666666667 0.072 0.15
0 0.481 0.15166666666666667 0.066 0.09666666666666666
0 0.527 0.1 0.07 0.13333333333333333
0 0.902 0.165 0.06 0.14333333333333334