0 0.5180265654648957 0.34 0.05313092979127135 0.09333333333333334
0 0.713472485768501 0.455 0.06072106261859583 0.11
0 0.9117647058823529 0.33 0.07400379506641366 0.12
0 0.372865275142315 0.4766666666666667 0.05502846299810247 0.10666666666666667
0 0.6688804554079696 0.3416666666666667 0.05502846299810247 0.10333333333333333
0 0.5521821631878557 0.42833333333333334 0.0683111954459203 0.11
0 0.2732447817836812 0.42833333333333334 0.04554079696394687 0.09
0 0.25996204933586337 0.28833333333333333 0.04554079696394687 0.08333333333333333
0 0.031309297912713474 0.4116666666666667 0.04364326375711575 0.06333333333333334
0 0.05028462998102467 0.355 0.036053130929791274 0.056666666666666664
0 0.10436432637571158 0.3983333333333333 0.04554079696394687 0.07666666666666666
0 0.13282732447817835 0.3233333333333333 0.04174573055028463 0.06
0 0.8358633776091081 0.41833333333333333 0.08159392789373814 0.14333333333333334
0 0.2077798861480076 0.4166666666666667 0.036053130929791274 0.08
0 0.1954459203036053 0.32 0.04174573055028463 0.06666666666666667