0 0.137 0.3213213213213213 0.046 0.1021021021021021
0 0.698 0.3138138138138138 0.06 0.12312312312312312
0 0.405 0.34384384384384387 0.062 0.11711711711711711
0 0.242 0.3228228228228228 0.064 0.13513513513513514
0 0.198 0.36486486486486486 0.056 0.1111111111111111
0 0.283 0.34984984984984985 0.034 0.09309309309309309
0 0.438 0.31681681681681684 0.024 0.06306306306306306
0 0.478 0.2987987987987988 0.068 0.12312312312312312
0 0.526 0.3108108108108108 0.048 0.11711711711711711
0 0.564 0.32732732732732733 0.032 0.06006006006006006
0 0.799 0.3108108108108108 0.042 0.08108108108108109
0 0.872 0.3258258258258258 0.04 0.08708708708708708
0 0.919 0.3003003003003003 0.066 0.15615615615615616
0 0.97 0.30930930930930933 0.052 0.1021021021021021