0 0.9405010438413361 0.31058495821727017 0.07724425887265135 0.13649025069637882
0 0.5417536534446764 0.3579387186629526 0.06471816283924843 0.12534818941504178
0 0.7933194154488518 0.3788300835654596 0.07515657620041753 0.116991643454039
0 0.29331941544885176 0.38440111420612816 0.06471816283924843 0.11142061281337047
0 0.5960334029227558 0.3802228412256267 0.05636743215031315 0.08635097493036212
0 0.8684759916492694 0.3955431754874652 0.05845511482254697 0.10584958217270195
0 0.7233820459290188 0.3816155988857939 0.06471816283924843 0.10027855153203342
0 0.4331941544885177 0.3816155988857939 0.06889352818371608 0.116991643454039
0 0.14822546972860126 0.3593314763231198 0.05010438413361169 0.08913649025069638
0 0.4102296450939457 0.30362116991643456 0.060542797494780795 0.08356545961002786
0 0.20876826722338204 0.37186629526462395 0.05010438413361169 0.0807799442896936