0 0.783 0.42933333333333334 0.062 0.11733333333333333
0 0.672 0.44 0.076 0.12266666666666666
0 0.954 0.468 0.084 0.21066666666666667
0 0.578 0.41333333333333333 0.044 0.08
0 0.874 0.436 0.056 0.08266666666666667
0 0.521 0.44 0.034 0.058666666666666666
0 0.298 0.43466666666666665 0.044 0.064
0 0.361 0.42533333333333334 0.03 0.050666666666666665
0 0.387 0.4093333333333333 0.034 0.050666666666666665
0 0.426 0.43333333333333335 0.04 0.072
0 0.497 0.43066666666666664 0.03 0.06666666666666667
0 0.199 0.4186666666666667 0.038 0.07466666666666667
0 0.172 0.428 0.028 0.04533333333333334