0 0.902 0.12609970674486803 0.096 0.16422287390029325
0 0.825 0.6055718475073314 0.13 0.20821114369501467
0 0.544 0.12023460410557185 0.06 0.10557184750733138
0 0.354 0.14809384164222875 0.068 0.10850439882697947
0 0.159 0.3181818181818182 0.066 0.09090909090909091
0 0.787 0.18035190615835778 0.05 0.08504398826979472
0 0.885 0.3651026392961877 0.062 0.13196480938416422
0 0.679 0.39002932551319647 0.058 0.08797653958944282
0 0.694 0.1466275659824047 0.048 0.08211143695014662
0 0.38 0.2126099706744868 0.04 0.07917888563049853
0 0.356 0.32991202346041054 0.096 0.1436950146627566