0 0.118 0.3588588588588589 0.04 0.08108108108108109
0 0.255 0.32882882882882886 0.046 0.08708708708708708
0 0.071 0.3783783783783784 0.038 0.06006006006006006
0 0.16 0.32732732732732733 0.04 0.08408408408408409
0 0.325 0.31681681681681684 0.03 0.057057057057057055
0 0.353 0.3408408408408408 0.046 0.07507507507507508
0 0.423 0.33633633633633636 0.046 0.08408408408408409
0 0.532 0.34984984984984985 0.04 0.07507507507507508
0 0.563 0.3213213213213213 0.034 0.07807807807807808
0 0.597 0.34534534534534533 0.046 0.07807807807807808
0 0.747 0.34234234234234234 0.034 0.07207207207207207
0 0.726 0.3108108108108108 0.028 0.07507507507507508
0 0.879 0.31981981981981983 0.038 0.06906906906906907
0 0.986 0.3078078078078078 0.028 0.09309309309309309