0 0.40875 0.29135338345864664 0.0775 0.13157894736842105
0 0.59375 0.31203007518796994 0.0725 0.15037593984962405
0 0.91 0.32706766917293234 0.085 0.12781954887218044
0 0.80125 0.27631578947368424 0.0975 0.15413533834586465
0 0.24125 0.24436090225563908 0.1025 0.15789473684210525
0 0.72125 0.4191729323308271 0.0625 0.11654135338345864
0 0.55375 0.37218045112781956 0.0475 0.12030075187969924
0 0.03875 0.43045112781954886 0.0575 0.09398496240601503
0 0.50125 0.40789473684210525 0.0475 0.08646616541353383
0 0.1725 0.35526315789473684 0.06 0.10902255639097744
0 0.1275 0.41353383458646614 0.045 0.09022556390977443
0 0.2925 0.42857142857142855 0.05 0.11278195488721804