0 0.485 0.31137724550898205 0.054 0.08982035928143713
0 0.864 0.2634730538922156 0.052 0.09580838323353294
0 0.328 0.27245508982035926 0.052 0.08383233532934131
0 0.234 0.30389221556886226 0.04 0.06287425149700598
0 0.265 0.3158682634730539 0.03 0.06287425149700598
0 0.68 0.27395209580838326 0.048 0.08083832335329341
0 0.811 0.26047904191616766 0.042 0.0718562874251497
0 0.459 0.28892215568862273 0.034 0.08682634730538923
0 0.546 0.3143712574850299 0.032 0.0658682634730539
0 0.704 0.2844311377245509 0.032 0.0658682634730539
0 0.91 0.27694610778443113 0.04 0.08083832335329341