0 0.204 0.30930930930930933 0.068 0.13813813813813813
0 0.423 0.25675675675675674 0.074 0.13513513513513514
0 0.871 0.3123123123123123 0.118 0.16216216216216217
0 0.743 0.3213213213213213 0.07 0.13213213213213212
0 0.107 0.3078078078078078 0.114 0.2012012012012012
0 0.97 0.28678678678678676 0.056 0.15915915915915915
0 0.535 0.3033033033033033 0.054 0.12012012012012012
0 0.821 0.3153153153153153 0.07 0.12612612612612611
0 0.585 0.3258258258258258 0.038 0.08708708708708708
0 0.661 0.3213213213213213 0.05 0.1021021021021021
0 0.627 0.34684684684684686 0.034 0.08708708708708708