0 0.17555555555555555 0.43666666666666665 0.04888888888888889 0.08666666666666667
0 0.32 0.425 0.03111111111111111 0.06333333333333334
0 0.49444444444444446 0.43 0.04666666666666667 0.08666666666666667
0 0.7455555555555555 0.42333333333333334 0.042222222222222223 0.08
0 0.6833333333333333 0.43 0.042222222222222223 0.08
0 0.5444444444444444 0.435 0.035555555555555556 0.07
0 0.2611111111111111 0.43 0.03777777777777778 0.06666666666666667
0 0.21 0.4633333333333333 0.028888888888888888 0.06
0 0.35333333333333333 0.44166666666666665 0.02666666666666667 0.05
0 0.43777777777777777 0.43833333333333335 0.04 0.07
0 0.5888888888888889 0.425 0.035555555555555556 0.08333333333333333