0 0.285 0.373134328358209 0.062 0.11343283582089553
0 0.277 0.25522388059701495 0.05 0.08656716417910448
0 0.389 0.24776119402985075 0.054 0.0955223880597015
0 0.4 0.3880597014925373 0.06 0.10746268656716418
0 0.521 0.382089552238806 0.062 0.11940298507462686
0 0.654 0.3656716417910448 0.064 0.12835820895522387
0 0.766 0.373134328358209 0.06 0.13134328358208955
0 0.51 0.22388059701492538 0.048 0.10149253731343283
0 0.62 0.2417910447761194 0.052 0.0955223880597015
0 0.728 0.26417910447761195 0.056 0.09850746268656717
0 0.833 0.26865671641791045 0.054 0.10746268656716418
0 0.898 0.33880597014925373 0.076 0.11641791044776119