0 0.94 0.3978978978978979 0.116 0.1831831831831832
0 0.817 0.4189189189189189 0.086 0.12912912912912913
0 0.452 0.43993993993993996 0.068 0.12312312312312312
0 0.631 0.3963963963963964 0.062 0.10810810810810811
0 0.313 0.44594594594594594 0.046 0.0990990990990991
0 0.371 0.44894894894894893 0.042 0.08708708708708708
0 0.507 0.45045045045045046 0.042 0.09009009009009009
0 0.598 0.43843843843843844 0.032 0.07207207207207207
0 0.248 0.45645645645645644 0.044 0.07807807807807808
0 0.175 0.4339339339339339 0.038 0.07507507507507508
0 0.659 0.44294294294294295 0.038 0.06306306306306306