0 0.587 0.6317647058823529 0.054 0.06352941176470588
0 0.27 0.11411764705882353 0.044 0.058823529411764705
0 0.49 0.15058823529411763 0.044 0.07529411764705882
0 0.353 0.6329411764705882 0.05 0.05647058823529412
0 0.549 0.3564705882352941 0.046 0.05411764705882353
0 0.261 0.5976470588235294 0.042 0.05647058823529412
0 0.12 0.5670588235294117 0.032 0.03764705882352941
0 0.734 0.7270588235294118 0.068 0.06588235294117648
0 0.91 0.8341176470588235 0.064 0.06823529411764706
0 0.98 0.8329411764705882 0.04 0.0988235294117647
0 0.312 0.6341176470588236 0.032 0.04