0 0.799 0.649546827794562 0.05 0.07854984894259819
0 0.759 0.6555891238670695 0.042 0.07854984894259819
0 0.659 0.6812688821752266 0.046 0.06948640483383686
0 0.691 0.6510574018126888 0.026 0.0513595166163142
0 0.541 0.7809667673716012 0.042 0.05740181268882175
0 0.461 0.6374622356495468 0.046 0.054380664652567974
0 0.355 0.6555891238670695 0.03 0.06042296072507553
0 0.334 0.7356495468277946 0.04 0.0513595166163142
0 0.312 0.6631419939577039 0.024 0.045317220543806644
0 0.256 0.6948640483383686 0.036 0.054380664652567974
0 0.299 0.7824773413897281 0.03 0.04229607250755287