0 0.869 0.3057228915662651 0.086 0.16566265060240964
0 0.075 0.22439759036144577 0.122 0.21385542168674698
0 0.132 0.37801204819277107 0.072 0.12349397590361445
0 0.213 0.41566265060240964 0.054 0.10240963855421686
0 0.476 0.40210843373493976 0.04 0.07530120481927711
0 0.662 0.40512048192771083 0.032 0.06927710843373494
0 0.794 0.42018072289156627 0.044 0.09939759036144578
0 0.295 0.4141566265060241 0.03 0.06927710843373494
0 0.612 0.42018072289156627 0.04 0.06927710843373494
0 0.847 0.39457831325301207 0.046 0.1144578313253012
0 0.431 0.47289156626506024 0.034 0.05421686746987952
0 0.247 0.44126506024096385 0.038 0.06927710843373494