0 0.859 0.7140718562874252 0.066 0.12275449101796407
0 0.609 0.6526946107784432 0.05 0.11377245508982035
0 0.22 0.6736526946107785 0.044 0.08982035928143713
0 0.971 0.6377245508982036 0.046 0.09580838323353294
0 0.134 0.6736526946107785 0.044 0.10179640718562874
0 0.096 0.6931137724550899 0.06 0.11676646706586827
0 0.505 0.6706586826347305 0.05 0.09580838323353294
0 0.78 0.6541916167664671 0.044 0.09281437125748503
0 0.823 0.6586826347305389 0.03 0.07784431137724551
0 0.438 0.6676646706586826 0.024 0.05389221556886228
0 0.546 0.6631736526946108 0.028 0.05688622754491018
0 0.47 0.6766467065868264 0.02 0.05389221556886228