0 0.231 0.2057057057057057 0.062 0.11711711711711711
0 0.307 0.2147147147147147 0.054 0.1111111111111111
0 0.143 0.2012012012012012 0.058 0.16816816816816818
0 0.597 0.22372372372372373 0.054 0.09309309309309309
0 0.088 0.1921921921921922 0.052 0.16216216216216217
0 0.381 0.23723723723723725 0.026 0.07207207207207207
0 0.041 0.17267267267267267 0.078 0.33933933933933935
0 0.351 0.25075075075075076 0.03 0.07507507507507508
0 0.486 0.24324324324324326 0.044 0.0960960960960961
0 0.452 0.22972972972972974 0.032 0.08708708708708708
0 0.538 0.22372372372372373 0.028 0.06906906906906907
0 0.7 0.25825825825825827 0.028 0.06006006006006006
0 0.677 0.24324324324324326 0.026 0.07207207207207207