0 0.191 0.6036036036036037 0.054 0.09009009009009009
0 0.494 0.5525525525525525 0.028 0.04804804804804805
0 0.384 0.566066066066066 0.036 0.05105105105105105
0 0.558 0.5885885885885885 0.028 0.04804804804804805
0 0.443 0.5975975975975976 0.034 0.036036036036036036
0 0.646 0.5525525525525525 0.032 0.06606606606606606
0 0.615 0.5705705705705706 0.034 0.06606606606606606
0 0.769 0.5570570570570571 0.034 0.06906906906906907
0 0.882 0.5555555555555556 0.036 0.06606606606606606
0 0.924 0.5420420420420421 0.04 0.06906906906906907
0 0.735 0.5540540540540541 0.038 0.06906906906906907
0 0.712 0.56006006006006 0.028 0.057057057057057055
0 0.821 0.5480480480480481 0.026 0.06306306306306306
0 0.84 0.5645645645645646 0.02 0.05405405405405406
0 0.988 0.5570570570570571 0.024 0.04504504504504504
0 0.793 0.539039039039039 0.03 0.057057057057057055
0 0.695 0.5585585585585585 0.018 0.04804804804804805
0 0.522 0.5645645645645646 0.028 0.042042042042042045