0 0.045 0.42319277108433734 0.07 0.12349397590361445
0 0.514 0.37198795180722893 0.056 0.12951807228915663
0 0.235 0.4036144578313253 0.058 0.10843373493975904
0 0.884 0.34789156626506024 0.072 0.12951807228915663
0 0.665 0.338855421686747 0.062 0.12349397590361445
0 0.735 0.3795180722891566 0.054 0.10843373493975904
0 0.141 0.40210843373493976 0.054 0.10542168674698796
0 0.784 0.37198795180722893 0.048 0.10542168674698796
0 0.418 0.3810240963855422 0.064 0.11144578313253012
0 0.29 0.39006024096385544 0.048 0.09939759036144578
0 0.462 0.37349397590361444 0.036 0.10843373493975904
0 0.63 0.39156626506024095 0.032 0.06626506024096386
0 0.927 0.3825301204819277 0.042 0.10240963855421686
0 0.602 0.40512048192771083 0.028 0.06325301204819277