0 0.794 0.4894578313253012 0.068 0.10542168674698796
0 0.375 0.5542168674698795 0.05 0.08433734939759036
0 0.059 0.5030120481927711 0.042 0.05421686746987952
0 0.081 0.4608433734939759 0.034 0.04819277108433735
0 0.125 0.49096385542168675 0.046 0.05421686746987952
0 0.278 0.5135542168674698 0.052 0.06927710843373494
0 0.538 0.5120481927710844 0.06 0.08433734939759036
0 0.648 0.45180722891566266 0.052 0.07228915662650602
0 0.872 0.4352409638554217 0.072 0.09337349397590361
0 0.265 0.39759036144578314 0.038 0.06626506024096386
0 0.504 0.4457831325301205 0.044 0.07228915662650602
0 0.686 0.5391566265060241 0.076 0.1144578313253012
0 0.154 0.4382530120481928 0.044 0.0572289156626506