0 0.203 0.32838283828382836 0.07 0.10891089108910891
0 0.897 0.28217821782178215 0.058 0.11551155115511551
0 0.643 0.2953795379537954 0.07 0.12871287128712872
0 0.29 0.3217821782178218 0.064 0.11551155115511551
0 0.438 0.3465346534653465 0.072 0.10561056105610561
0 0.403 0.5973597359735974 0.05 0.132013201320132
0 0.843 0.37458745874587457 0.054 0.09570957095709572
0 0.142 0.35148514851485146 0.056 0.10231023102310231
0 0.089 0.3415841584158416 0.046 0.0891089108910891
0 0.362 0.4174917491749175 0.084 0.17491749174917492
0 0.517 0.4273927392739274 0.05 0.0891089108910891
0 0.512 0.3547854785478548 0.04 0.08250825082508251