0 0.123 0.22 0.126 0.22666666666666666
0 0.04 0.30133333333333334 0.076 0.128
0 0.213 0.2813333333333333 0.094 0.14666666666666667
0 0.347 0.26266666666666666 0.078 0.136
0 0.495 0.30533333333333335 0.058 0.10933333333333334
0 0.525 0.3253333333333333 0.034 0.07466666666666667
0 0.605 0.292 0.054 0.10933333333333334
0 0.639 0.31866666666666665 0.042 0.072
0 0.731 0.288 0.054 0.10133333333333333
0 0.757 0.30266666666666664 0.038 0.07733333333333334
0 0.781 0.3373333333333333 0.034 0.06666666666666667
0 0.844 0.3333333333333333 0.032 0.048
0 0.889 0.36133333333333334 0.034 0.04