0 0.733 0.6919770773638968 0.058 0.10601719197707736
0 0.562 0.5128939828080229 0.04 0.07449856733524356
0 0.616 0.48424068767908307 0.04 0.06876790830945559
0 0.032 0.6962750716332379 0.044 0.06876790830945559
0 0.123 0.6934097421203438 0.046 0.07449856733524356
0 0.196 0.6246418338108882 0.044 0.06303724928366762
0 0.41 0.33810888252148996 0.028 0.04011461318051576
0 0.377 0.5515759312320917 0.034 0.054441260744985676
0 0.827 0.4699140401146132 0.038 0.05730659025787966
0 0.253 0.5744985673352435 0.034 0.04871060171919771
0 0.215 0.5501432664756447 0.038 0.05730659025787966
0 0.321 0.5601719197707736 0.038 0.06017191977077364
0 0.285 0.5143266475644699 0.042 0.054441260744985676
0 0.425 0.5243553008595988 0.042 0.05157593123209169
0 0.388 0.4799426934097421 0.04 0.06017191977077364
0 0.452 0.4498567335243553 0.036 0.05157593123209169
0 0.564 0.40114613180515757 0.036 0.05730659025787966
0 0.662 0.35816618911174786 0.032 0.05157593123209169
0 0.34 0.5257879656160458 0.032 0.06017191977077364
0 0.201 0.2979942693409742 0.026 0.045845272206303724