0 0.28 0.4315245478036176 0.044 0.056847545219638244
0 0.364 0.4728682170542636 0.048 0.056847545219638244
0 0.505 0.41214470284237725 0.042 0.059431524547803614
0 0.812 0.27002583979328165 0.028 0.04909560723514212
0 0.129 0.7157622739018088 0.074 0.06201550387596899
0 0.178 0.49483204134366926 0.048 0.05426356589147287
0 0.079 0.6188630490956072 0.058 0.08010335917312661
0 0.128 0.6550387596899225 0.068 0.06976744186046512
0 0.261 0.5167958656330749 0.05 0.06201550387596899
0 0.334 0.5452196382428941 0.056 0.06201550387596899
0 0.438 0.5142118863049095 0.056 0.07235142118863049
0 0.56 0.4405684754521964 0.056 0.06459948320413436
0 0.633 0.268733850129199 0.034 0.041343669250646
0 0.689 0.26744186046511625 0.03 0.03359173126614987
0 0.597 0.3178294573643411 0.034 0.046511627906976744
0 0.771 0.26356589147286824 0.034 0.041343669250646