0 0.95 0.17204301075268819 0.1 0.17921146953405018
0 0.7875 0.17204301075268819 0.095 0.16487455197132617
0 0.1675 0.2132616487455197 0.12 0.21863799283154123
0 0.9 0.5448028673835126 0.18 0.3010752688172043
0 0.68375 0.460573476702509 0.0875 0.13978494623655913
0 0.05375 0.23835125448028674 0.0925 0.16845878136200718
0 0.41625 0.22939068100358423 0.0775 0.15770609318996415
0 0.8325 0.46236559139784944 0.11 0.1863799283154122
0 0.68625 0.23297491039426524 0.0625 0.10752688172043011
0 0.50375 0.2132616487455197 0.0525 0.1039426523297491
0 0.59875 0.2724014336917563 0.0525 0.1003584229390681
0 0.55125 0.23835125448028674 0.0475 0.08960573476702509