0 0.757 0.20270270270270271 0.082 0.17117117117117117
0 0.172 0.2012012012012012 0.084 0.15615615615615616
0 0.443 0.24324324324324326 0.066 0.14414414414414414
0 0.52 0.23873873873873874 0.084 0.17117117117117117
0 0.254 0.22822822822822822 0.06 0.12612612612612611
0 0.609 0.2222222222222222 0.066 0.15015015015015015
0 0.342 0.21921921921921922 0.06 0.13813813813813813
0 0.834 0.23723723723723725 0.112 0.1981981981981982
0 0.03 0.2627627627627628 0.056 0.12912912912912913
0 0.976 0.3303303303303303 0.048 0.08408408408408409
0 0.113 0.2627627627627628 0.062 0.09309309309309309