0 0.508 0.5525525525525525 0.068 0.13213213213213212
0 0.172 0.515015015015015 0.068 0.10510510510510511
0 0.15 0.6306306306306306 0.12 0.16816816816816818
0 0.33 0.6291291291291291 0.104 0.1831831831831832
0 0.066 0.5900900900900901 0.092 0.11711711711711711
0 0.056 0.48348348348348347 0.06 0.09009009009009009
0 0.33 0.44894894894894893 0.032 0.05105105105105105
0 0.429 0.493993993993994 0.038 0.057057057057057055
0 0.475 0.4924924924924925 0.034 0.06606606606606606
0 0.729 0.539039039039039 0.042 0.06306306306306306
0 0.637 0.5045045045045045 0.03 0.06006006006006006
0 0.598 0.5195195195195195 0.032 0.06606606606606606
0 0.55 0.5075075075075075 0.032 0.06006006006006006