0 0.265 0.2866847826086957 0.066 0.09510869565217392
0 0.675 0.29347826086956524 0.046 0.07608695652173914
0 0.135 0.33016304347826086 0.038 0.08423913043478261
0 0.176 0.3491847826086957 0.036 0.06793478260869565
0 0.098 0.33695652173913043 0.036 0.07065217391304347
0 0.331 0.3342391304347826 0.034 0.06521739130434782
0 0.411 0.327445652173913 0.038 0.07336956521739131
0 0.442 0.33695652173913043 0.036 0.07065217391304347
0 0.551 0.3125 0.046 0.08152173913043478
0 0.61 0.29483695652173914 0.04 0.07880434782608696
0 0.808 0.264945652173913 0.052 0.08423913043478261
0 0.213 0.360054347826087 0.03 0.051630434782608696