0 0.701271186440678 0.69625 0.08898305084745763 0.0625
0 0.025423728813559324 0.72 0.0423728813559322 0.05
0 0.07627118644067797 0.745 0.05084745762711865 0.04
0 0.2033898305084746 0.7325 0.07627118644067797 0.045
0 0.3919491525423729 0.73375 0.0635593220338983 0.0375
0 0.8686440677966102 0.7375 0.0847457627118644 0.055
0 0.9258474576271186 0.70625 0.07203389830508475 0.0475
0 0.7563559322033898 0.71 0.0635593220338983 0.045
0 0.5741525423728814 0.7075 0.0635593220338983 0.045
0 0.6440677966101694 0.70625 0.059322033898305086 0.0475
0 0.4449152542372881 0.7225 0.06779661016949153 0.04
0 0.3072033898305085 0.72375 0.07203389830508475 0.0475