0 0.898 0.348 0.112 0.17866666666666667
0 0.761 0.39866666666666667 0.078 0.12533333333333332
0 0.677 0.37466666666666665 0.07 0.10933333333333334
0 0.84 0.36533333333333334 0.06 0.13866666666666666
0 0.09 0.3293333333333333 0.128 0.17866666666666667
0 0.584 0.38266666666666665 0.072 0.11466666666666667
0 0.465 0.39466666666666667 0.058 0.08533333333333333
0 0.246 0.14 0.024 0.04
0 0.153 0.11733333333333333 0.022 0.037333333333333336
0 0.083 0.12133333333333333 0.022 0.034666666666666665
0 0.027 0.31066666666666665 0.05 0.10933333333333334