0 0.708 0.3973333333333333 0.068 0.12266666666666666
0 0.153 0.392 0.086 0.128
0 0.394 0.37066666666666664 0.064 0.11733333333333333
0 0.938 0.43466666666666665 0.068 0.11733333333333333
0 0.275 0.384 0.054 0.10666666666666667
0 0.766 0.4226666666666667 0.056 0.088
0 0.585 0.424 0.05 0.096
0 0.489 0.37066666666666664 0.054 0.096
0 0.22 0.42933333333333334 0.052 0.09066666666666667
0 0.439 0.3933333333333333 0.038 0.08266666666666667
0 0.625 0.4093333333333333 0.038 0.088
0 0.902 0.4066666666666667 0.052 0.088
0 0.847 0.408 0.046 0.08533333333333333