0 0.205 0.4525993883792049 0.062 0.10397553516819572
0 0.06 0.37920489296636084 0.024 0.05504587155963303
0 0.795 0.35015290519877673 0.09 0.16819571865443425
0 0.664 0.3837920489296636 0.084 0.1559633027522936
0 0.581 0.3195718654434251 0.062 0.12538226299694188
0 0.493 0.35932721712538224 0.062 0.09480122324159021
0 0.438 0.3654434250764526 0.052 0.10703363914373089
0 0.354 0.3532110091743119 0.048 0.08256880733944955
0 0.296 0.3623853211009174 0.048 0.08868501529051988
0 0.254 0.3532110091743119 0.04 0.07033639143730887
0 0.214 0.3547400611620795 0.036 0.07339449541284404
0 0.169 0.3669724770642202 0.038 0.07339449541284404
0 0.124 0.37767584097859325 0.032 0.06422018348623854