0 0.816 0.4266304347826087 0.064 0.11956521739130435
0 0.936 0.44429347826086957 0.064 0.10597826086956522
0 0.289 0.42391304347826086 0.078 0.09239130434782608
0 0.633 0.4483695652173913 0.05 0.09239130434782608
0 0.552 0.46195652173913043 0.056 0.09782608695652174
0 0.444 0.4266304347826087 0.052 0.09239130434782608
0 0.38 0.46059782608695654 0.044 0.08967391304347826
0 0.758 0.45516304347826086 0.04 0.07880434782608696
0 0.693 0.45652173913043476 0.042 0.08695652173913043
0 0.876 0.453804347826087 0.052 0.08695652173913043
0 0.326 0.44157608695652173 0.032 0.08967391304347826
0 0.584 0.4741847826086957 0.028 0.07880434782608696