0 0.114 0.2513157894736842 0.08 0.13421052631578947
0 0.198 0.30657894736842106 0.056 0.09210526315789473
0 0.24 0.3092105263157895 0.044 0.08157894736842106
0 0.284 0.2565789473684211 0.08 0.15526315789473685
0 0.446 0.28157894736842104 0.064 0.1
0 0.556 0.2894736842105263 0.072 0.15263157894736842
0 0.509 0.2881578947368421 0.05 0.10789473684210527
0 0.745 0.2381578947368421 0.094 0.15526315789473685
0 0.702 0.2881578947368421 0.032 0.09736842105263158
0 0.785 0.2894736842105263 0.046 0.11578947368421053
0 0.834 0.31842105263157894 0.044 0.08421052631578947
0 0.902 0.33026315789473687 0.084 0.15526315789473685
0 0.968 0.30657894736842106 0.044 0.07105263157894737