0 0.204 0.42 0.056 0.09866666666666667
0 0.556 0.4266666666666667 0.048 0.09066666666666667
0 0.333 0.44 0.054 0.09066666666666667
0 0.134 0.43066666666666664 0.048 0.08266666666666667
0 0.026 0.4493333333333333 0.048 0.104
0 0.3 0.44533333333333336 0.032 0.07466666666666667
0 0.442 0.43733333333333335 0.044 0.08533333333333333
0 0.48 0.43866666666666665 0.032 0.06133333333333333
0 0.52 0.42 0.028 0.06133333333333333
0 0.636 0.4066666666666667 0.052 0.09333333333333334
0 0.891 0.428 0.05 0.08266666666666667
0 0.841 0.432 0.034 0.06933333333333333
0 0.736 0.42533333333333334 0.036 0.06666666666666667
0 0.701 0.43066666666666664 0.038 0.06666666666666667
0 0.672 0.428 0.028 0.06666666666666667