0 0.39 0.3684210526315789 0.045 0.09774436090225563
0 0.165 0.5770676691729323 0.065 0.09398496240601503
0 0.04 0.5056390977443609 0.05 0.09398496240601503
0 0.6 0.5488721804511278 0.05 0.09022556390977443
0 0.5625 0.38533834586466165 0.05 0.08646616541353383
0 0.62 0.38721804511278196 0.045 0.09022556390977443
0 0.79 0.5488721804511278 0.06 0.08270676691729323
0 0.31125 0.15225563909774437 0.0425 0.05639097744360902
0 0.34 0.18984962406015038 0.045 0.05639097744360902
0 0.79875 0.3890977443609023 0.0525 0.10150375939849623
0 0.775 0.3609022556390977 0.04 0.08270676691729323
0 0.835 0.3815789473684211 0.045 0.07894736842105263