0 0.2833333333333333 0.4967948717948718 0.05555555555555555 0.09615384615384616
0 0.8455555555555555 0.4791666666666667 0.051111111111111114 0.10576923076923077
0 0.6877777777777778 0.453525641025641 0.04666666666666667 0.08653846153846154
0 0.13555555555555557 0.46794871794871795 0.05333333333333334 0.10256410256410256
0 0.08222222222222222 0.46314102564102566 0.02666666666666667 0.04807692307692308
0 0.2011111111111111 0.47596153846153844 0.03333333333333333 0.05448717948717949
0 0.3511111111111111 0.4551282051282051 0.04 0.057692307692307696
0 0.4688888888888889 0.46634615384615385 0.04888888888888889 0.08012820512820513
0 0.6188888888888889 0.4583333333333333 0.04666666666666667 0.07051282051282051
0 0.79 0.47596153846153844 0.042222222222222223 0.0673076923076923
0 0.5788888888888889 0.4807692307692308 0.028888888888888888 0.05128205128205128