0 0.391 0.3463855421686747 0.074 0.14457831325301204
0 0.949 0.3810240963855422 0.062 0.12349397590361445
0 0.144 0.3704819277108434 0.064 0.13253012048192772
0 0.474 0.37198795180722893 0.06 0.11144578313253012
0 0.197 0.3825301204819277 0.054 0.10843373493975904
0 0.888 0.4066265060240964 0.056 0.0963855421686747
0 0.739 0.3960843373493976 0.054 0.09939759036144578
0 0.633 0.39006024096385544 0.05 0.09337349397590361
0 0.809 0.39759036144578314 0.046 0.08433734939759036
0 0.344 0.40963855421686746 0.052 0.0963855421686747
0 0.3 0.3855421686746988 0.04 0.0963855421686747
0 0.11 0.42018072289156627 0.044 0.08734939759036145
0 0.581 0.3960843373493976 0.038 0.08734939759036145
0 0.509 0.3885542168674699 0.038 0.10240963855421686