0 0.707 0.5662650602409639 0.086 0.15060240963855423
0 0.815 0.16716867469879518 0.07 0.12951807228915663
0 0.832 0.5 0.104 0.1686746987951807
0 0.68 0.20783132530120482 0.056 0.10240963855421686
0 0.465 0.45933734939759036 0.054 0.08132530120481928
0 0.633 0.17018072289156627 0.054 0.09939759036144578
0 0.412 0.2394578313253012 0.052 0.08132530120481928
0 0.484 0.21536144578313254 0.044 0.08734939759036145
0 0.589 0.24397590361445784 0.046 0.08433734939759036
0 0.685 0.5015060240963856 0.058 0.08734939759036145
0 0.465 0.41566265060240964 0.062 0.0783132530120482