0 0.099 0.22408536585365854 0.058 0.10060975609756098
0 0.767 0.19359756097560976 0.074 0.14329268292682926
0 0.172 0.18140243902439024 0.064 0.10670731707317073
0 0.426 0.14176829268292682 0.076 0.14939024390243902
0 0.907 0.14939024390243902 0.062 0.12195121951219512
0 0.566 0.20121951219512196 0.06 0.12195121951219512
0 0.664 0.2423780487804878 0.056 0.11280487804878049
0 0.322 0.23323170731707318 0.06 0.11890243902439024
0 0.283 0.2347560975609756 0.03 0.07317073170731707
0 0.527 0.22560975609756098 0.034 0.09146341463414634
0 0.953 0.2073170731707317 0.058 0.10365853658536585
0 0.382 0.21341463414634146 0.044 0.09146341463414634