0 0.1811111111111111 0.4597315436241611 0.06888888888888889 0.10067114093959731
0 0.26555555555555554 0.40436241610738255 0.04666666666666667 0.09731543624161074
0 0.32555555555555554 0.40604026845637586 0.03777777777777778 0.08053691275167785
0 0.29888888888888887 0.4077181208053691 0.028888888888888888 0.08389261744966443
0 0.3933333333333333 0.39932885906040266 0.04 0.087248322147651
0 0.5277777777777778 0.39429530201342283 0.04666666666666667 0.08389261744966443
0 0.5711111111111111 0.39429530201342283 0.02666666666666667 0.07046979865771812
0 0.6455555555555555 0.40268456375838924 0.03777777777777778 0.08053691275167785
0 0.5888888888888889 0.39932885906040266 0.035555555555555556 0.06711409395973154
0 0.4577777777777778 0.3859060402684564 0.035555555555555556 0.0738255033557047
0 0.6677777777777778 0.3825503355704698 0.03333333333333333 0.0738255033557047