0 0.707 0.34384384384384387 0.042 0.08108108108108109
0 0.649 0.3783783783783784 0.046 0.06606606606606606
0 0.042 0.3918918918918919 0.028 0.057057057057057055
0 0.105 0.4114114114114114 0.03 0.06006006006006006
0 0.173 0.3933933933933934 0.03 0.06006006006006006
0 0.302 0.39039039039039036 0.032 0.06006006006006006
0 0.42 0.3768768768768769 0.036 0.06906906906906907
0 0.465 0.37237237237237236 0.038 0.07207207207207207
0 0.592 0.36036036036036034 0.036 0.06006006006006006
0 0.519 0.36186186186186187 0.03 0.057057057057057055
0 0.545 0.3858858858858859 0.034 0.06306306306306306