0 0.235 0.32680722891566266 0.062 0.1355421686746988
0 0.519 0.32831325301204817 0.058 0.10843373493975904
0 0.349 0.4141566265060241 0.122 0.20783132530120482
0 0.863 0.42319277108433734 0.106 0.16566265060240964
0 0.659 0.3147590361445783 0.046 0.09337349397590361
0 0.276 0.7213855421686747 0.196 0.31626506024096385
0 0.824 0.6039156626506024 0.192 0.29819277108433734
0 0.986 0.3629518072289157 0.028 0.08132530120481928
0 0.707 0.3328313253012048 0.05 0.10542168674698796
0 0.482 0.3147590361445783 0.04 0.09939759036144578
0 0.283 0.3358433734939759 0.05 0.10542168674698796