0 0.404 0.3248502994011976 0.06 0.12275449101796407
0 0.969 0.34281437125748504 0.054 0.12275449101796407
0 0.794 0.3263473053892216 0.052 0.11377245508982035
0 0.338 0.3323353293413174 0.056 0.10778443113772455
0 0.742 0.35479041916167664 0.048 0.11077844311377245
0 0.154 0.7320359281437125 0.076 0.11077844311377245
0 0.169 0.3203592814371258 0.07 0.11976047904191617
0 0.663 0.3458083832335329 0.05 0.10479041916167664
0 0.492 0.36227544910179643 0.056 0.11377245508982035
0 0.615 0.3473053892215569 0.042 0.10778443113772455
0 0.536 0.35479041916167664 0.044 0.08682634730538923