0 0.755 0.5075075075075075 0.07 0.13813813813813813
0 0.958 0.43243243243243246 0.072 0.13813813813813813
0 0.529 0.4804804804804805 0.054 0.10810810810810811
0 0.693 0.5 0.062 0.12912912912912913
0 0.352 0.4984984984984985 0.044 0.1021021021021021
0 0.61 0.4774774774774775 0.056 0.11411411411411411
0 0.115 0.4894894894894895 0.05 0.08408408408408409
0 0.416 0.4924924924924925 0.044 0.09009009009009009
0 0.302 0.503003003003003 0.052 0.09309309309309309
0 0.412 0.44744744744744747 0.04 0.08408408408408409
0 0.497 0.487987987987988 0.046 0.10510510510510511
0 0.237 0.509009009009009 0.062 0.09309309309309309