0 0.015 0.6087613293051359 0.026 0.12386706948640483
0 0.033 0.5392749244712991 0.058 0.09969788519637462
0 0.246 0.5211480362537765 0.076 0.10574018126888217
0 0.205 0.7114803625377644 0.15 0.2326283987915408
0 0.614 0.581570996978852 0.08 0.14803625377643503
0 0.659 0.5422960725075529 0.05 0.11782477341389729
0 0.328 0.49395770392749244 0.048 0.08761329305135952
0 0.442 0.49697885196374625 0.04 0.0755287009063444
0 0.542 0.47583081570996977 0.048 0.06948640483383686
0 0.731 0.4954682779456193 0.046 0.08459214501510574
0 0.869 0.5317220543806647 0.066 0.1148036253776435
0 0.921 0.5226586102719033 0.058 0.1027190332326284