0 0.8621013133208255 0.28833333333333333 0.08067542213883677 0.15666666666666668
0 0.4634146341463415 0.355 0.0675422138836773 0.16333333333333333
0 0.24296435272045028 0.34 0.07692307692307693 0.18666666666666668
0 0.03470919324577861 0.45 0.06191369606003752 0.16
0 0.1848030018761726 0.32666666666666666 0.06566604127579738 0.14666666666666667
0 0.7485928705440901 0.25666666666666665 0.0975609756097561 0.2
0 0.5562851782363978 0.34 0.09568480300187618 0.2
0 0.9418386491557224 0.3333333333333333 0.05628517823639775 0.12
0 0.702626641651032 0.31 0.06191369606003752 0.17333333333333334
0 0.350844277673546 0.30833333333333335 0.0900562851782364 0.20333333333333334
0 0.08161350844277673 0.3883333333333333 0.04690431519699812 0.15