0 0.14777777777777779 0.3466666666666667 0.07333333333333333 0.1
0 0.41888888888888887 0.30666666666666664 0.06444444444444444 0.10666666666666667
0 0.3388888888888889 0.405 0.11777777777777777 0.15666666666666668
0 0.27444444444444444 0.30666666666666664 0.06888888888888889 0.09333333333333334
0 0.6844444444444444 0.30666666666666664 0.06222222222222222 0.1
0 0.06333333333333334 0.46 0.11777777777777777 0.18666666666666668
0 0.8111111111111111 0.345 0.06222222222222222 0.10333333333333333
0 0.5555555555555556 0.30333333333333334 0.06666666666666667 0.10666666666666667
0 0.6355555555555555 0.44166666666666665 0.1288888888888889 0.16333333333333333
0 0.04111111111111111 0.35833333333333334 0.07777777777777778 0.12333333333333334
0 0.9655555555555555 0.3283333333333333 0.05555555555555555 0.11666666666666667
0 0.8533333333333334 0.28833333333333333 0.044444444444444446 0.09
0 0.9677777777777777 0.42333333333333334 0.06444444444444444 0.17333333333333334