0 0.332 0.31681681681681684 0.088 0.14714714714714713
0 0.082 0.2222222222222222 0.1 0.16216216216216217
0 0.954 0.26126126126126126 0.092 0.17417417417417416
0 0.557 0.2702702702702703 0.066 0.12612612612612611
0 0.47 0.2672672672672673 0.052 0.10810810810810811
0 0.284 0.22072072072072071 0.06 0.1111111111111111
0 0.755 0.23873873873873874 0.066 0.11711711711711711
0 0.713 0.21771771771771772 0.046 0.10510510510510511
0 0.512 0.1906906906906907 0.044 0.1111111111111111
0 0.389 0.21771771771771772 0.046 0.09309309309309309
0 0.207 0.1981981981981982 0.05 0.08408408408408409
0 0.336 0.2222222222222222 0.036 0.07207207207207207
0 0.871 0.2222222222222222 0.038 0.06606606606606606
0 0.797 0.22972972972972974 0.034 0.07507507507507508