0 0.16 0.496 0.052 0.08
0 0.235 0.5066666666666667 0.046 0.06933333333333333
0 0.29 0.49066666666666664 0.04 0.064
0 0.365 0.49066666666666664 0.034 0.06933333333333333
0 0.441 0.472 0.042 0.064
0 0.509 0.516 0.038 0.06133333333333333
0 0.566 0.49333333333333335 0.036 0.058666666666666666
0 0.887 0.48533333333333334 0.038 0.064
0 0.785 0.4693333333333333 0.038 0.058666666666666666
0 0.826 0.5 0.044 0.06133333333333333
0 0.753 0.5146666666666667 0.038 0.05333333333333334
0 0.61 0.4826666666666667 0.036 0.058666666666666666
0 0.656 0.5 0.04 0.06133333333333333
0 0.704 0.5066666666666667 0.036 0.058666666666666666