0 0.734 0.16516516516516516 0.08 0.12012012012012012
0 0.591 0.1906906906906907 0.074 0.14714714714714713
0 0.9 0.2132132132132132 0.1 0.18618618618618618
0 0.512 0.2087087087087087 0.06 0.1111111111111111
0 0.851 0.2012012012012012 0.066 0.15615615615615616
0 0.725 0.2912912912912913 0.086 0.16816816816816818
0 0.437 0.23123123123123124 0.054 0.1021021021021021
0 0.353 0.22522522522522523 0.062 0.09009009009009009
0 0.176 0.24174174174174173 0.04 0.0990990990990991
0 0.27 0.25075075075075076 0.048 0.0990990990990991
0 0.057 0.2132132132132132 0.05 0.09009009009009009
0 0.099 0.25375375375375375 0.038 0.07507507507507508
0 0.153 0.23423423423423423 0.03 0.08408408408408409
0 0.568 0.26126126126126126 0.044 0.0960960960960961
0 0.642 0.20270270270270271 0.044 0.11711711711711711