0 0.149 0.3716012084592145 0.062 0.12084592145015106
0 0.195 0.34894259818731116 0.054 0.11178247734138973
0 0.238 0.3716012084592145 0.04 0.07250755287009064
0 0.355 0.37915407854984895 0.05 0.10574018126888217
0 0.426 0.3293051359516616 0.052 0.09667673716012085
0 0.525 0.33987915407854985 0.054 0.08761329305135952
0 0.565 0.2854984894259819 0.05 0.09365558912386707
0 0.631 0.24924471299093656 0.046 0.09969788519637462
0 0.606 0.2537764350453172 0.04 0.08459214501510574
0 0.726 0.25075528700906347 0.056 0.1027190332326284
0 0.777 0.23564954682779457 0.05 0.1148036253776435