0 0.916 0.308 0.068 0.10933333333333334
0 0.597 0.332 0.042 0.072
0 0.787 0.37066666666666664 0.066 0.10666666666666667
0 0.46 0.32 0.068 0.112
0 0.048 0.312 0.08 0.12266666666666666
0 0.358 0.328 0.056 0.10133333333333333
0 0.656 0.376 0.06 0.10133333333333333
0 0.11 0.34933333333333333 0.052 0.09066666666666667
0 0.629 0.328 0.038 0.07466666666666667
0 0.229 0.30666666666666664 0.042 0.07466666666666667
0 0.28 0.32266666666666666 0.044 0.08
0 0.418 0.2826666666666667 0.044 0.08533333333333333
0 0.318 0.29333333333333333 0.056 0.09066666666666667