0 0.815 0.45066666666666666 0.05 0.09066666666666667
0 0.579 0.4226666666666667 0.046 0.09333333333333334
0 0.935 0.45866666666666667 0.098 0.16533333333333333
0 0.286 0.4573333333333333 0.052 0.09333333333333334
0 0.482 0.456 0.056 0.09066666666666667
0 0.344 0.45866666666666667 0.032 0.05333333333333334
0 0.076 0.4826666666666667 0.056 0.07466666666666667
0 0.178 0.468 0.04 0.056
0 0.642 0.4493333333333333 0.028 0.06133333333333333
0 0.666 0.45466666666666666 0.028 0.056
0 0.62 0.4493333333333333 0.024 0.056
0 0.533 0.45466666666666666 0.022 0.06133333333333333
0 0.438 0.444 0.032 0.050666666666666665
0 0.389 0.472 0.03 0.048