0 0.49444444444444446 0.39020771513353114 0.07777777777777778 0.1394658753709199
0 0.9255555555555556 0.4198813056379822 0.09555555555555556 0.16913946587537093
0 0.44 0.40801186943620177 0.057777777777777775 0.10979228486646884
0 0.09333333333333334 0.4020771513353116 0.09333333333333334 0.14540059347181009
0 0.2411111111111111 0.37833827893175076 0.06888888888888889 0.12166172106824925
0 0.7233333333333334 0.39317507418397624 0.08222222222222222 0.1572700296735905
0 0.5355555555555556 0.37091988130563797 0.07111111111111111 0.12462908011869436
0 0.18222222222222223 0.4124629080118694 0.057777777777777775 0.09495548961424333
0 0.04777777777777778 0.43026706231454004 0.051111111111111114 0.12462908011869436
0 0.31 0.413946587537092 0.03333333333333333 0.07418397626112759
0 0.35333333333333333 0.4094955489614243 0.04888888888888889 0.09495548961424333
0 0.7722222222222223 0.43768545994065283 0.06444444444444444 0.10385756676557864