0 0.694 0.4069069069069069 0.072 0.12912912912912913
0 0.632 0.3933933933933934 0.056 0.1021021021021021
0 0.222 0.3963963963963964 0.048 0.1021021021021021
0 0.175 0.3933933933933934 0.054 0.10810810810810811
0 0.394 0.42342342342342343 0.052 0.09009009009009009
0 0.54 0.4009009009009009 0.052 0.0990990990990991
0 0.039 0.45795795795795796 0.058 0.08708708708708708
0 0.329 0.4009009009009009 0.038 0.07507507507507508
0 0.452 0.4114114114114114 0.04 0.08408408408408409
0 0.302 0.3993993993993994 0.032 0.07207207207207207
0 0.049 0.4024024024024024 0.038 0.07207207207207207