0 0.043 0.2679738562091503 0.05 0.0915032679738562
0 0.132 0.2565359477124183 0.068 0.14052287581699346
0 0.227 0.2957516339869281 0.05 0.10784313725490197
0 0.357 0.29411764705882354 0.07 0.13725490196078433
0 0.405 0.2973856209150327 0.042 0.09803921568627451
0 0.482 0.272875816993464 0.056 0.14052287581699346
0 0.514 0.29901960784313725 0.028 0.08169934640522876
0 0.583 0.25326797385620914 0.074 0.16013071895424835
0 0.617 0.2777777777777778 0.046 0.11764705882352941
0 0.768 0.34477124183006536 0.052 0.11437908496732026
0 0.816 0.2826797385620915 0.052 0.10130718954248366
0 0.886 0.3088235294117647 0.088 0.15359477124183007
0 0.948 0.29901960784313725 0.04 0.10130718954248366