0 0.082 0.515015015015015 0.084 0.13513513513513514
0 0.174 0.5315315315315315 0.084 0.12612612612612611
0 0.345 0.5975975975975976 0.102 0.16816816816816818
0 0.728 0.6036036036036037 0.116 0.18018018018018017
0 0.872 0.487987987987988 0.056 0.09309309309309309
0 0.924 0.45645645645645644 0.056 0.1021021021021021
0 0.198 0.42492492492492495 0.056 0.08108108108108109
0 0.821 0.503003003003003 0.066 0.11711711711711711
0 0.034 0.4774774774774775 0.06 0.10810810810810811
0 0.317 0.4189189189189189 0.046 0.09309309309309309
0 0.407 0.4144144144144144 0.046 0.07807807807807808
0 0.482 0.4039039039039039 0.032 0.06306306306306306
0 0.501 0.3783783783783784 0.026 0.05405405405405406
0 0.544 0.3993993993993994 0.032 0.07207207207207207
0 0.682 0.3933933933933934 0.036 0.06006006006006006
0 0.821 0.42042042042042044 0.038 0.05405405405405406
0 0.764 0.4039039039039039 0.048 0.06906906906906907