0 0.906 0.22672672672672672 0.064 0.11711711711711711
0 0.364 0.24174174174174173 0.056 0.11711711711711711
0 0.093 0.25225225225225223 0.054 0.10810810810810811
0 0.517 0.23273273273273273 0.05 0.1111111111111111
0 0.681 0.24174174174174173 0.046 0.1111111111111111
0 0.215 0.27927927927927926 0.058 0.1021021021021021
0 0.456 0.26876876876876876 0.036 0.09309309309309309
0 0.77 0.2627627627627628 0.04 0.08708708708708708
0 0.718 0.27177177177177175 0.036 0.07507507507507508
0 0.574 0.25675675675675674 0.036 0.08108108108108109
0 0.601 0.27177177177177175 0.03 0.06906906906906907
0 0.633 0.2702702702702703 0.038 0.08408408408408409
0 0.254 0.25825825825825827 0.028 0.09009009009009009
0 0.311 0.2627627627627628 0.03 0.06306306306306306