0 0.259 0.257396449704142 0.066 0.11242603550295859
0 0.71 0.23372781065088757 0.064 0.10650887573964497
0 0.197 0.29142011834319526 0.07 0.12130177514792899
0 0.609 0.23076923076923078 0.066 0.1301775147928994
0 0.504 0.17159763313609466 0.056 0.11242603550295859
0 0.88 0.24260355029585798 0.072 0.13609467455621302
0 0.084 0.2514792899408284 0.06 0.11242603550295859
0 0.845 0.1834319526627219 0.054 0.10650887573964497
0 0.379 0.2559171597633136 0.054 0.10946745562130178
0 0.435 0.2529585798816568 0.05 0.09171597633136094
0 0.297 0.28402366863905326 0.03 0.08875739644970414