0 0.168 0.34523809523809523 0.116 0.30952380952380953
0 0.32 0.24553571428571427 0.072 0.15773809523809523
0 0.202 0.24404761904761904 0.056 0.125
0 0.078 0.2619047619047619 0.152 0.5178571428571429
0 0.731 0.33482142857142855 0.066 0.12797619047619047
0 0.619 0.2619047619047619 0.074 0.13690476190476192
0 0.545 0.27529761904761907 0.078 0.15773809523809523
0 0.858 0.31398809523809523 0.068 0.12797619047619047
0 0.396 0.20238095238095238 0.1 0.18452380952380953
0 0.968 0.3273809523809524 0.064 0.10714285714285714
0 0.917 0.3125 0.046 0.09523809523809523
0 0.45 0.25297619047619047 0.048 0.13095238095238096
0 0.843 0.25892857142857145 0.062 0.1130952380952381
0 0.675 0.32142857142857145 0.034 0.08333333333333333