0 0.413 0.16045845272206305 0.066 0.16045845272206305
0 0.708 0.1991404011461318 0.124 0.24355300859598855
0 0.478 0.20630372492836677 0.068 0.12607449856733524
0 0.887 0.22922636103151864 0.098 0.1833810888252149
0 0.219 0.24068767908309455 0.126 0.22922636103151864
0 0.105 0.1833810888252149 0.086 0.166189111747851
0 0.343 0.20057306590257878 0.09 0.166189111747851
0 0.593 0.23638968481375358 0.05 0.10601719197707736
0 0.519 0.22636103151862463 0.026 0.12034383954154727
0 0.283 0.2177650429799427 0.054 0.1318051575931232
0 0.025 0.22779369627507162 0.042 0.16332378223495703
0 0.548 0.25644699140401145 0.032 0.08882521489971347
0 0.825 0.24212034383954154 0.046 0.0830945558739255