0 0.8421052631578947 0.4823008849557522 0.06072874493927125 0.10324483775811209
0 0.5809716599190283 0.42035398230088494 0.05263157894736842 0.11504424778761062
0 0.5182186234817814 0.4277286135693215 0.048582995951417005 0.0943952802359882
0 0.14068825910931174 0.4778761061946903 0.05060728744939271 0.0943952802359882
0 0.6892712550607287 0.4218289085545723 0.05060728744939271 0.10029498525073746
0 0.7884615384615384 0.4306784660766962 0.05060728744939271 0.10029498525073746
0 0.72165991902834 0.5294985250737463 0.05465587044534413 0.11504424778761062
0 0.38461538461538464 0.523598820058997 0.05263157894736842 0.10324483775811209
0 0.23684210526315788 0.4823008849557522 0.048582995951417005 0.09144542772861357
0 0.7408906882591093 0.4277286135693215 0.044534412955465584 0.08849557522123894
0 0.2854251012145749 0.5132743362831859 0.05263157894736842 0.08259587020648967
0 0.840080971659919 0.41002949852507375 0.05263157894736842 0.0943952802359882
0 0.17813765182186234 0.5 0.048582995951417005 0.09734513274336283
0 0.3097165991902834 0.471976401179941 0.03643724696356275 0.07669616519174041
0 0.354251012145749 0.47345132743362833 0.03643724696356275 0.07964601769911504
0 0.3410931174089069 0.4144542772861357 0.038461538461538464 0.07964601769911504
0 0.43016194331983804 0.43215339233038347 0.0465587044534413 0.09734513274336283
0 0.46963562753036436 0.443952802359882 0.03643724696356275 0.07374631268436578
0 0.451417004048583 0.5206489675516224 0.048582995951417005 0.09734513274336283
0 0.5253036437246964 0.5353982300884956 0.05465587044534413 0.10324483775811209
0 0.6325910931174089 0.42035398230088494 0.0465587044534413 0.07964601769911504
0 0.631578947368421 0.5014749262536873 0.048582995951417005 0.10619469026548672