0 0.547 0.5315315315315315 0.074 0.12612612612612611
0 0.155 0.4744744744744745 0.074 0.12012012012012012
0 0.523 0.4444444444444444 0.042 0.06006006006006006
0 0.743 0.45645645645645644 0.042 0.06006006006006006
0 0.34 0.4894894894894895 0.064 0.08408408408408409
0 0.396 0.44594594594594594 0.06 0.08108108108108109
0 0.466 0.45645645645645644 0.052 0.07207207207207207
0 0.643 0.466966966966967 0.062 0.09309309309309309
0 0.682 0.503003003003003 0.044 0.09309309309309309
0 0.707 0.4114114114114114 0.038 0.05405405405405406
0 0.606 0.3918918918918919 0.028 0.05105105105105105
0 0.649 0.3738738738738739 0.03 0.057057057057057055
0 0.675 0.3813813813813814 0.026 0.04804804804804805
0 0.539 0.40540540540540543 0.03 0.04804804804804805