0 0.915 0.29833333333333334 0.115 0.19
0 0.0525 0.365 0.085 0.12333333333333334
0 0.635 0.3416666666666667 0.055 0.12333333333333334
0 0.74875 0.35833333333333334 0.0575 0.11666666666666667
0 0.3075 0.36333333333333334 0.055 0.09333333333333334
0 0.2175 0.36333333333333334 0.05 0.09333333333333334
0 0.17375 0.3416666666666667 0.0525 0.09
0 0.80125 0.3433333333333333 0.0575 0.12
0 0.44375 0.38166666666666665 0.0475 0.09666666666666666
0 0.5575 0.36666666666666664 0.045 0.1
0 0.5 0.3433333333333333 0.04 0.08666666666666667
0 0.2525 0.31666666666666665 0.035 0.06666666666666667
0 0.4 0.3566666666666667 0.045 0.08666666666666667