0 0.192 0.6511976047904192 0.08 0.1467065868263473
0 0.724 0.13323353293413173 0.104 0.17065868263473055
0 0.356 0.6931137724550899 0.076 0.12874251497005987
0 0.125 0.6272455089820359 0.054 0.11077844311377245
0 0.609 0.6706586826347305 0.062 0.10179640718562874
0 0.236 0.6332335329341318 0.036 0.08682634730538923
0 0.02 0.6152694610778443 0.032 0.11077844311377245
0 0.421 0.6541916167664671 0.042 0.08682634730538923
0 0.484 0.6497005988023952 0.048 0.09580838323353294
0 0.544 0.6736526946107785 0.044 0.08383233532934131
0 0.303 0.6482035928143712 0.042 0.0748502994011976