0 0.826 0.44857142857142857 0.056 0.09714285714285714
0 0.462 0.44285714285714284 0.048 0.10285714285714286
0 0.163 0.44857142857142857 0.054 0.10857142857142857
0 0.314 0.4657142857142857 0.048 0.09714285714285714
0 0.217 0.4757142857142857 0.034 0.06571428571428571
0 0.349 0.4585714285714286 0.03 0.08285714285714285
0 0.5 0.4542857142857143 0.04 0.09142857142857143
0 0.62 0.41714285714285715 0.052 0.10285714285714286
0 0.689 0.4442857142857143 0.038 0.07142857142857142
0 0.661 0.4542857142857143 0.03 0.06857142857142857
0 0.773 0.4328571428571429 0.038 0.07142857142857142
0 0.944 0.44 0.04 0.06857142857142857
0 0.862 0.4442857142857143 0.036 0.08285714285714285
0 0.387 0.44 0.046 0.09142857142857143
0 0.552 0.4514285714285714 0.024 0.05142857142857143
0 0.578 0.4542857142857143 0.028 0.05714285714285714