0 0.786 0.3378787878787879 0.076 0.1303030303030303
0 0.192 0.3712121212121212 0.144 0.24545454545454545
0 0.705 0.42727272727272725 0.078 0.1393939393939394
0 0.467 0.4075757575757576 0.062 0.11818181818181818
0 0.398 0.4106060606060606 0.06 0.13636363636363635
0 0.544 0.36515151515151517 0.064 0.13636363636363635
0 0.295 0.3984848484848485 0.078 0.15454545454545454
0 0.04 0.3287878787878788 0.056 0.1
0 0.571 0.39545454545454545 0.066 0.14242424242424243
0 0.328 0.36515151515151517 0.044 0.11818181818181818
0 0.566 0.3924242424242424 0.084 0.1606060606060606
0 0.358 0.38484848484848483 0.036 0.11515151515151516