0 0.634 0.30930930930930933 0.068 0.12612612612612611
0 0.925 0.2852852852852853 0.134 0.2042042042042042
0 0.247 0.2927927927927928 0.062 0.12912912912912913
0 0.771 0.2672672672672673 0.09 0.16816816816816818
0 0.421 0.26126126126126126 0.098 0.17417417417417416
0 0.192 0.20270270270270271 0.096 0.16516516516516516
0 0.507 0.3138138138138138 0.066 0.12312312312312312
0 0.701 0.34234234234234234 0.058 0.10810810810810811
0 0.582 0.33783783783783783 0.048 0.09309309309309309
0 0.303 0.3333333333333333 0.05 0.0960960960960961
0 0.132 0.2672672672672673 0.068 0.11411411411411411