0 0.144 0.6138790035587188 0.164 0.34519572953736655
0 0.244 0.47330960854092524 0.1 0.23487544483985764
0 0.417 0.5124555160142349 0.058 0.1494661921708185
0 0.399 0.42704626334519574 0.042 0.07829181494661921
0 0.454 0.4181494661921708 0.052 0.11743772241992882
0 0.562 0.4288256227758007 0.06 0.14590747330960854
0 0.644 0.806049822064057 0.264 0.3879003558718861
0 0.742 0.5462633451957295 0.1 0.18861209964412812
0 0.82 0.4626334519572954 0.092 0.18505338078291814
0 0.969 0.5960854092526691 0.062 0.3238434163701068
0 0.715 0.37544483985765126 0.058 0.14590747330960854
0 0.611 0.4697508896797153 0.102 0.1423487544483986
0 0.611 0.6405693950177936 0.17 0.2491103202846975
0 0.673 0.4804270462633452 0.058 0.1423487544483986
0 0.642 0.37722419928825623 0.068 0.09252669039145907