0 0.188 0.452 0.052 0.09333333333333334
0 0.125 0.47333333333333333 0.038 0.06666666666666667
0 0.326 0.4746666666666667 0.064 0.10666666666666667
0 0.37 0.44 0.052 0.08533333333333333
0 0.482 0.4613333333333333 0.04 0.06933333333333333
0 0.525 0.4573333333333333 0.046 0.08266666666666667
0 0.567 0.444 0.038 0.06666666666666667
0 0.612 0.44 0.064 0.10133333333333333
0 0.733 0.42933333333333334 0.07 0.10666666666666667
0 0.778 0.44266666666666665 0.04 0.06933333333333333
0 0.846 0.436 0.036 0.072
0 0.887 0.42533333333333334 0.046 0.088
0 0.951 0.432 0.062 0.096
0 0.99 0.4266666666666667 0.02 0.06933333333333333