0 0.852 0.30970149253731344 0.056 0.08208955223880597
0 0.709 0.3246268656716418 0.042 0.07711442786069651
0 0.022 0.3370646766169154 0.028 0.05223880597014925
0 0.072 0.31467661691542287 0.032 0.05223880597014925
0 0.131 0.31840796019900497 0.05 0.07462686567164178
0 0.189 0.31716417910447764 0.026 0.05223880597014925
0 0.214 0.30597014925373134 0.044 0.07462686567164178
0 0.274 0.32338308457711445 0.044 0.0845771144278607
0 0.37 0.3333333333333333 0.04 0.05472636815920398
0 0.425 0.31840796019900497 0.038 0.05970149253731343
0 0.469 0.3358208955223881 0.042 0.06467661691542288
0 0.507 0.3283582089552239 0.042 0.06965174129353234
0 0.537 0.32338308457711445 0.038 0.05970149253731343
0 0.581 0.332089552238806 0.042 0.07213930348258707