0 0.46555555555555556 0.45 0.028888888888888888 0.06
0 0.14333333333333334 0.4166666666666667 0.05555555555555555 0.10666666666666667
0 0.08888888888888889 0.445 0.03111111111111111 0.05
0 0.18666666666666668 0.44666666666666666 0.03111111111111111 0.07333333333333333
0 0.2788888888888889 0.3933333333333333 0.051111111111111114 0.11333333333333333
0 0.35777777777777775 0.4716666666666667 0.04 0.09
0 0.38666666666666666 0.44 0.02666666666666667 0.05333333333333334
0 0.5211111111111111 0.45166666666666666 0.028888888888888888 0.06333333333333334
0 0.5555555555555556 0.41833333333333333 0.04888888888888889 0.10333333333333333
0 0.6522222222222223 0.45666666666666667 0.03777777777777778 0.08
0 0.7522222222222222 0.4083333333333333 0.051111111111111114 0.09666666666666666
0 0.8666666666666667 0.44333333333333336 0.05333333333333334 0.10666666666666667