0 0.14222222222222222 0.3283333333333333 0.20444444444444446 0.36333333333333334
0 0.86 0.3233333333333333 0.06222222222222222 0.11333333333333333
0 0.69 0.33166666666666667 0.04666666666666667 0.11
0 0.022222222222222223 0.32 0.035555555555555556 0.09333333333333334
0 0.29555555555555557 0.355 0.044444444444444446 0.09666666666666666
0 0.34 0.33666666666666667 0.035555555555555556 0.06666666666666667
0 0.37222222222222223 0.35 0.028888888888888888 0.06
0 0.3988888888888889 0.32666666666666666 0.028888888888888888 0.06666666666666667
0 0.4444444444444444 0.34 0.04 0.08
0 0.5088888888888888 0.3333333333333333 0.02666666666666667 0.05333333333333334
0 0.5588888888888889 0.335 0.03777777777777778 0.07
0 0.6088888888888889 0.3516666666666667 0.02666666666666667 0.05
0 0.6511111111111111 0.35 0.04 0.07333333333333333
0 0.7355555555555555 0.365 0.035555555555555556 0.06333333333333334
0 0.7722222222222223 0.36333333333333334 0.028888888888888888 0.05333333333333334
0 0.9188888888888889 0.34 0.03777777777777778 0.07333333333333333