0 0.014 0.4294294294294294 0.024 0.10810810810810811
0 0.457 0.43093093093093093 0.066 0.12912912912912913
0 0.26 0.3858858858858859 0.068 0.12912912912912913
0 0.153 0.4189189189189189 0.074 0.12312312312312312
0 0.102 0.4069069069069069 0.064 0.11711711711711711
0 0.179 0.3978978978978979 0.038 0.0990990990990991
0 0.337 0.38738738738738737 0.074 0.1021021021021021
0 0.378 0.4024024024024024 0.044 0.1021021021021021
0 0.518 0.4144144144144144 0.056 0.10810810810810811
0 0.589 0.4294294294294294 0.078 0.10810810810810811
0 0.649 0.4069069069069069 0.058 0.09309309309309309
0 0.713 0.42042042042042044 0.054 0.11411411411411411
0 0.767 0.44744744744744747 0.058 0.0960960960960961
0 0.814 0.45045045045045046 0.048 0.08408408408408409
0 0.87 0.4339339339339339 0.052 0.08708708708708708
0 0.939 0.45645645645645644 0.058 0.1021021021021021
0 0.972 0.45795795795795796 0.028 0.08108108108108109