0 0.045 0.36186186186186187 0.07 0.12312312312312312
0 0.603 0.36036036036036034 0.058 0.12612612612612611
0 0.849 0.22372372372372373 0.146 0.2672672672672673
0 0.283 0.3708708708708709 0.058 0.1111111111111111
0 0.098 0.38738738738738737 0.052 0.0960960960960961
0 0.143 0.3813813813813814 0.046 0.0960960960960961
0 0.483 0.3948948948948949 0.054 0.0990990990990991
0 0.377 0.3963963963963964 0.046 0.0960960960960961
0 0.231 0.4009009009009009 0.042 0.08108108108108109
0 0.547 0.4174174174174174 0.038 0.06606606606606606
0 0.667 0.40540540540540543 0.042 0.09009009009009009