0 0.485 0.26740947075208915 0.078 0.13370473537604458
0 0.775 0.23119777158774374 0.074 0.13370473537604458
0 0.67 0.18802228412256267 0.084 0.14206128133704735
0 0.552 0.27298050139275765 0.056 0.10027855153203342
0 0.632 0.2590529247910863 0.052 0.10584958217270195
0 0.854 0.2298050139275766 0.048 0.10306406685236769
0 0.288 0.22423398328690808 0.052 0.08635097493036212
0 0.893 0.21448467966573817 0.038 0.11142061281337047
0 0.919 0.22284122562674094 0.034 0.07242339832869081
0 0.946 0.21587743732590528 0.024 0.07520891364902507
0 0.72 0.24651810584958217 0.056 0.08635097493036212