0 0.016 0.5705705705705706 0.028 0.06606606606606606
0 0.066 0.5720720720720721 0.04 0.06306306306306306
0 0.123 0.6486486486486487 0.046 0.07207207207207207
0 0.462 0.5480480480480481 0.044 0.08108108108108109
0 0.371 0.6081081081081081 0.034 0.06306306306306306
0 0.238 0.5735735735735735 0.032 0.05405405405405406
0 0.172 0.6036036036036037 0.032 0.06606606606606606
0 0.814 0.6741741741741741 0.04 0.06306306306306306
0 0.883 0.45345345345345345 0.034 0.06006006006006006
0 0.777 0.481981981981982 0.042 0.06306306306306306
0 0.692 0.5225225225225225 0.036 0.06606606606606606
0 0.563 0.5375375375375375 0.05 0.07807807807807808
0 0.529 0.5405405405405406 0.038 0.07207207207207207
0 0.151 0.5585585585585585 0.03 0.06006006006006006
0 0.194 0.5540540540540541 0.032 0.057057057057057055
0 0.213 0.5720720720720721 0.034 0.06306306306306306
0 0.409 0.6111111111111112 0.03 0.057057057057057055
0 0.627 0.515015015015015 0.042 0.06906906906906907