0 0.416 0.15060240963855423 0.164 0.2469879518072289
0 0.494 0.40963855421686746 0.084 0.14457831325301204
0 0.175 0.4006024096385542 0.078 0.1686746987951807
0 0.024 0.3117469879518072 0.044 0.1355421686746988
0 0.567 0.42168674698795183 0.058 0.0963855421686747
0 0.502 0.28012048192771083 0.032 0.060240963855421686
0 0.6 0.3855421686746988 0.044 0.060240963855421686
0 0.73 0.3689759036144578 0.032 0.0572289156626506
0 0.843 0.2996987951807229 0.026 0.05120481927710843
0 0.686 0.34036144578313254 0.032 0.05421686746987952
0 0.739 0.3102409638554217 0.026 0.05421686746987952
0 0.597 0.2816265060240964 0.034 0.0572289156626506
0 0.712 0.28463855421686746 0.024 0.0572289156626506