0 0.871 0.5146666666666667 0.062 0.09066666666666667
0 0.226 0.488 0.056 0.09066666666666667
0 0.593 0.5253333333333333 0.058 0.09066666666666667
0 0.417 0.5 0.058 0.088
0 0.042 0.4866666666666667 0.048 0.07733333333333334
0 0.185 0.492 0.034 0.072
0 0.337 0.476 0.042 0.07733333333333334
0 0.376 0.4653333333333333 0.044 0.07733333333333334
0 0.512 0.5213333333333333 0.052 0.07733333333333334
0 0.552 0.5026666666666667 0.036 0.072
0 0.664 0.49733333333333335 0.048 0.072
0 0.741 0.5106666666666667 0.054 0.088