0 0.84125 0.6033333333333334 0.0725 0.09333333333333334
0 0.7475 0.7366666666666667 0.105 0.16666666666666666
0 0.625 0.6416666666666667 0.065 0.08333333333333333
0 0.47 0.6316666666666667 0.06 0.07666666666666666
0 0.41125 0.7783333333333333 0.0775 0.10333333333333333
0 0.17375 0.715 0.0975 0.13666666666666666
0 0.0275 0.74 0.05 0.11333333333333333
0 0.02 0.62 0.035 0.06666666666666667
0 0.11125 0.615 0.0475 0.06333333333333334
0 0.30625 0.6333333333333333 0.0475 0.07333333333333333
0 0.38 0.6233333333333333 0.05 0.07333333333333333
0 0.1825 0.6183333333333333 0.045 0.056666666666666664