0 0.5658914728682171 0.2916666666666667 0.06201550387596899 0.13666666666666666
0 0.4118217054263566 0.33666666666666667 0.05232558139534884 0.12
0 0.2936046511627907 0.335 0.04844961240310078 0.12333333333333334
0 0.8091085271317829 0.3283333333333333 0.05232558139534884 0.13
0 0.4689922480620155 0.325 0.05426356589147287 0.11666666666666667
0 0.6967054263565892 0.35333333333333333 0.0562015503875969 0.14
0 0.8837209302325582 0.33 0.10077519379844961 0.22
0 0.12693798449612403 0.36666666666666664 0.05232558139534884 0.12
0 0.06589147286821706 0.33166666666666667 0.05426356589147287 0.11
0 0.2189922480620155 0.33 0.050387596899224806 0.1
0 0.6540697674418605 0.3566666666666667 0.040697674418604654 0.10666666666666667
0 0.7577519379844961 0.355 0.03488372093023256 0.08333333333333333
0 0.32751937984496127 0.36 0.03488372093023256 0.09333333333333334
0 0.9583333333333334 0.3466666666666667 0.04844961240310078 0.12666666666666668
0 0.6094961240310077 0.34 0.03682170542635659 0.09333333333333334
0 0.37790697674418605 0.345 0.03488372093023256 0.09