0 0.25 0.43962848297213625 0.076 0.14860681114551083
0 0.932 0.4411764705882353 0.112 0.19504643962848298
0 0.127 0.46439628482972134 0.098 0.18575851393188855
0 0.912 0.32507739938080493 0.064 0.10526315789473684
0 0.766 0.3281733746130031 0.06 0.11145510835913312
0 0.057 0.5386996904024768 0.11 0.19814241486068113
0 0.665 0.43653250773993807 0.09 0.14860681114551083
0 0.565 0.34674922600619196 0.058 0.10526315789473684
0 0.77 0.46439628482972134 0.088 0.1609907120743034
0 0.696 0.33126934984520123 0.044 0.0804953560371517
0 0.637 0.369969040247678 0.05 0.1021671826625387
0 0.145 0.3560371517027864 0.054 0.0804953560371517
0 0.601 0.3219814241486068 0.034 0.06811145510835913