0 0.258 0.8543956043956044 0.096 0.13736263736263737
0 0.078 0.7156593406593407 0.1 0.1346153846153846
0 0.581 0.9313186813186813 0.086 0.12087912087912088
0 0.398 0.4326923076923077 0.072 0.10164835164835165
0 0.667 0.5782967032967034 0.074 0.10164835164835165
0 0.789 0.20467032967032966 0.062 0.09065934065934066
0 0.778 0.7472527472527473 0.08 0.09340659340659341
0 0.61 0.5315934065934066 0.052 0.09065934065934066
0 0.377 0.3585164835164835 0.062 0.08516483516483517
0 0.283 0.41895604395604397 0.07 0.09065934065934066
0 0.527 0.5480769230769231 0.054 0.09065934065934066
0 0.728 0.9285714285714286 0.092 0.12087912087912088
0 0.871 0.8406593406593407 0.09 0.0989010989010989
0 0.906 0.14972527472527472 0.064 0.09615384615384616
0 0.916 0.046703296703296704 0.056 0.08241758241758242
0 0.868 0.03021978021978022 0.06 0.054945054945054944