0 0.223 0.3413333333333333 0.07 0.11733333333333333
0 0.04 0.37733333333333335 0.068 0.104
0 0.549 0.37866666666666665 0.058 0.08
0 0.116 0.37866666666666665 0.04 0.06933333333333333
0 0.274 0.38266666666666665 0.048 0.07733333333333334
0 0.343 0.392 0.03 0.058666666666666666
0 0.381 0.38133333333333336 0.046 0.06933333333333333
0 0.496 0.348 0.04 0.07733333333333334
0 0.598 0.35733333333333334 0.036 0.08533333333333333
0 0.672 0.3546666666666667 0.044 0.09066666666666667
0 0.728 0.356 0.044 0.08266666666666667