0 0.18 0.4009009009009009 0.072 0.12312312312312312
0 0.518 0.42342342342342343 0.048 0.09009009009009009
0 0.775 0.44894894894894893 0.066 0.08708708708708708
0 0.27 0.4039039039039039 0.044 0.09309309309309309
0 0.402 0.4519519519519519 0.04 0.06306306306306306
0 0.568 0.45795795795795796 0.032 0.06306306306306306
0 0.656 0.45345345345345345 0.04 0.06606606606606606
0 0.725 0.47297297297297297 0.042 0.06906906906906907
0 0.851 0.4624624624624625 0.034 0.07207207207207207
0 0.881 0.466966966966967 0.038 0.07507507507507508
0 0.981 0.43093093093093093 0.034 0.08708708708708708