0 0.334 0.36486486486486486 0.048 0.09309309309309309
0 0.626 0.3633633633633634 0.052 0.09009009009009009
0 0.758 0.35735735735735735 0.052 0.08408408408408409
0 0.217 0.37537537537537535 0.054 0.07207207207207207
0 0.428 0.37237237237237236 0.036 0.07207207207207207
0 0.481 0.3333333333333333 0.054 0.09009009009009009
0 0.55 0.34984984984984985 0.04 0.07507507507507508
0 0.713 0.3663663663663664 0.03 0.06606606606606606
0 0.798 0.36936936936936937 0.028 0.06606606606606606
0 0.86 0.3633633633633634 0.04 0.07807807807807808
0 0.912 0.3843843843843844 0.052 0.0960960960960961