0 0.189 0.4186666666666667 0.066 0.09066666666666667
0 0.894 0.4786666666666667 0.044 0.07733333333333334
0 0.937 0.48133333333333334 0.05 0.08266666666666667
0 0.898 0.4146666666666667 0.036 0.06666666666666667
0 0.816 0.4613333333333333 0.028 0.06933333333333333
0 0.784 0.4573333333333333 0.044 0.06666666666666667
0 0.286 0.4186666666666667 0.048 0.06933333333333333
0 0.383 0.4786666666666667 0.038 0.050666666666666665
0 0.412 0.46 0.028 0.06133333333333333
0 0.439 0.452 0.034 0.072
0 0.497 0.44533333333333336 0.03 0.07466666666666667
0 0.528 0.44 0.04 0.08
0 0.635 0.4706666666666667 0.05 0.088
0 0.574 0.45466666666666666 0.036 0.07733333333333334
0 0.664 0.452 0.036 0.07733333333333334