0 0.216 0.4216710182767624 0.056 0.08093994778067885
0 0.408 0.43994778067885115 0.036 0.04960835509138381
0 0.485 0.43342036553524804 0.034 0.05221932114882506
0 0.559 0.4360313315926893 0.038 0.057441253263707574
0 0.666 0.4281984334203655 0.036 0.05221932114882506
0 0.711 0.4360313315926893 0.034 0.05221932114882506
0 0.744 0.43994778067885115 0.036 0.044386422976501305
0 0.811 0.42689295039164493 0.038 0.06527415143603134
0 0.864 0.3981723237597911 0.036 0.044386422976501305
0 0.869 0.4321148825065274 0.046 0.06005221932114883
0 0.918 0.3968668407310705 0.032 0.057441253263707574
0 0.942 0.4151436031331593 0.028 0.04699738903394256
0 0.99 0.4164490861618799 0.02 0.07049608355091384