0 0.043761638733705775 0.4216666666666667 0.08007448789571694 0.23
0 0.11080074487895716 0.44166666666666665 0.07262569832402235 0.21
0 0.21135940409683426 0.42333333333333334 0.11359404096834265 0.25333333333333335
0 0.351024208566108 0.4166666666666667 0.09497206703910614 0.24
0 0.3165735567970205 0.32166666666666666 0.08193668528864059 0.22333333333333333
0 0.5176908752327747 0.36666666666666664 0.0856610800744879 0.21333333333333335
0 0.4860335195530726 0.30833333333333335 0.07076350093109869 0.15
0 0.6508379888268156 0.42 0.09124767225325885 0.22666666666666666
0 0.7662942271880819 0.29333333333333333 0.11731843575418995 0.26666666666666666
0 0.6359404096834265 0.2683333333333333 0.09124767225325885 0.15666666666666668
0 0.8864059590316573 0.3883333333333333 0.08193668528864059 0.15
0 0.9646182495344506 0.2866666666666667 0.07076350093109869 0.2866666666666667
0 0.4757914338919926 0.4583333333333333 0.09124767225325885 0.19