0 0.3808864265927978 0.23555555555555555 0.296398891966759 0.29777777777777775
0 0.12049861495844875 0.1388888888888889 0.23545706371191136 0.19777777777777777
0 0.5858725761772853 0.18222222222222223 0.2077562326869806 0.19555555555555557
0 0.724376731301939 0.28555555555555556 0.10249307479224377 0.10888888888888888
0 0.9418282548476454 0.11444444444444445 0.11080332409972299 0.22
0 0.721606648199446 0.04 0.08033240997229917 0.07555555555555556
0 0.574792243767313 0.044444444444444446 0.08033240997229917 0.08444444444444445
0 0.6440443213296398 0.034444444444444444 0.05817174515235457 0.06444444444444444
0 0.5263157894736842 0.04666666666666667 0.04986149584487535 0.05333333333333334
0 0.8573407202216067 0.0811111111111111 0.05817174515235457 0.051111111111111114
0 0.4099722991689751 0.056666666666666664 0.04986149584487535 0.04666666666666667