0 0.058 0.44728915662650603 0.04 0.06927710843373494
0 0.081 0.4367469879518072 0.034 0.08433734939759036
0 0.155 0.47289156626506024 0.054 0.0783132530120482
0 0.541 0.42620481927710846 0.034 0.06325301204819277
0 0.651 0.3990963855421687 0.034 0.06325301204819277
0 0.951 0.3990963855421687 0.034 0.06927710843373494
0 0.855 0.4126506024096386 0.034 0.06626506024096386
0 0.762 0.39759036144578314 0.032 0.07228915662650602
0 0.726 0.4126506024096386 0.032 0.06626506024096386
0 0.682 0.42018072289156627 0.036 0.06325301204819277
0 0.989 0.4066265060240964 0.022 0.07228915662650602