0 0.566 0.6756756756756757 0.052 0.07807807807807808
0 0.956 0.7132132132132132 0.056 0.08108108108108109
0 0.134 0.6381381381381381 0.044 0.07507507507507508
0 0.358 0.481981981981982 0.04 0.057057057057057055
0 0.242 0.45495495495495497 0.032 0.05105105105105105
0 0.071 0.487987987987988 0.03 0.05105105105105105
0 0.372 0.5690690690690691 0.028 0.03903903903903904
0 0.523 0.3978978978978979 0.026 0.04504504504504504
0 0.491 0.3858858858858859 0.03 0.04504504504504504
0 0.759 0.3783783783783784 0.042 0.05405405405405406
0 0.103 0.3783783783783784 0.03 0.036036036036036036
0 0.135 0.35435435435435436 0.03 0.042042042042042045
0 0.19 0.3303303303303303 0.02 0.036036036036036036
0 0.156 0.6711711711711712 0.036 0.057057057057057055
0 0.262 0.4009009009009009 0.024 0.03903903903903904