0 0.22 0.30303030303030304 0.088 0.14545454545454545
0 0.05 0.2515151515151515 0.068 0.12727272727272726
0 0.303 0.31212121212121213 0.042 0.07878787878787878
0 0.357 0.3333333333333333 0.058 0.11515151515151516
0 0.43 0.28939393939393937 0.056 0.11212121212121212
0 0.543 0.27424242424242423 0.07 0.14242424242424243
0 0.6 0.296969696969697 0.056 0.10909090909090909
0 0.67 0.30303030303030304 0.064 0.12121212121212122
0 0.747 0.3212121212121212 0.054 0.10909090909090909
0 0.785 0.3151515151515151 0.034 0.07272727272727272
0 0.925 0.31666666666666665 0.074 0.14242424242424243
0 0.976 0.3303030303030303 0.04 0.12727272727272726