0 0.39 0.3684210526315789 0.045 0.09774436090225563
0 0.03875 0.5056390977443609 0.0425 0.09398496240601503
0 0.165 0.5864661654135338 0.055 0.09022556390977443
0 0.34 0.18984962406015038 0.035 0.06390977443609022
0 0.315 0.15413533834586465 0.035 0.08270676691729323
0 0.59875 0.5488721804511278 0.0425 0.09774436090225563
0 0.785 0.5545112781954887 0.055 0.08646616541353383
0 0.56 0.38345864661654133 0.045 0.09022556390977443
0 0.61875 0.39473684210526316 0.0525 0.09774436090225563
0 0.795 0.39097744360902253 0.05 0.09022556390977443
0 0.83625 0.38345864661654133 0.0325 0.07518796992481203