0 0.344 0.46396396396396394 0.044 0.06906906906906907
0 0.564 0.4774774774774775 0.044 0.06606606606606606
0 0.919 0.4864864864864865 0.046 0.07807807807807808
0 0.455 0.481981981981982 0.034 0.06306306306306306
0 0.233 0.4954954954954955 0.046 0.06606606606606606
0 0.066 0.527027027027027 0.06 0.0990990990990991
0 0.111 0.49099099099099097 0.034 0.08108108108108109
0 0.391 0.487987987987988 0.034 0.06306306306306306
0 0.281 0.47897897897897895 0.042 0.06906906906906907
0 0.154 0.47297297297297297 0.032 0.07507507507507508
0 0.189 0.4894894894894895 0.034 0.06606606606606606