0 0.22 0.496996996996997 0.064 0.12312312312312312
0 0.755 0.5315315315315315 0.074 0.13813813813813813
0 0.127 0.509009009009009 0.106 0.17117117117117117
0 0.869 0.5900900900900901 0.13 0.21921921921921922
0 0.706 0.5165165165165165 0.06 0.11411411411411411
0 0.278 0.5225225225225225 0.048 0.1021021021021021
0 0.311 0.4924924924924925 0.038 0.06606606606606606
0 0.342 0.4894894894894895 0.032 0.06606606606606606
0 0.466 0.49099099099099097 0.036 0.057057057057057055
0 0.563 0.4984984984984985 0.038 0.06606606606606606
0 0.622 0.506006006006006 0.044 0.08108108108108109