0 0.8076152304609219 0.2111913357400722 0.07615230460921844 0.1407942238267148
0 0.9468937875751503 0.5126353790613718 0.08617234468937876 0.12274368231046931
0 0.48697394789579157 0.2075812274368231 0.052104208416833664 0.09747292418772563
0 0.405811623246493 0.36823104693140796 0.06212424849699399 0.09386281588447654
0 0.749498997995992 0.27256317689530685 0.0841683366733467 0.148014440433213
0 0.9619238476953907 0.3971119133574007 0.06412825651302605 0.12274368231046931
0 0.22444889779559118 0.42057761732851984 0.04408817635270541 0.061371841155234655
0 0.17635270541082165 0.3989169675090253 0.04008016032064128 0.07581227436823104
0 0.46993987975951906 0.3483754512635379 0.03406813627254509 0.08303249097472924
0 0.7715430861723447 0.36823104693140796 0.052104208416833664 0.10830324909747292
0 0.26753507014028055 0.24007220216606498 0.03406813627254509 0.061371841155234655
0 0.21743486973947895 0.2509025270758123 0.03807615230460922 0.05415162454873646
0 0.1282565130260521 0.4007220216606498 0.04008016032064128 0.06498194945848375
0 0.5951903807615231 0.35379061371841153 0.04809619238476954 0.09386281588447654
0 0.24649298597194388 0.37364620938628157 0.036072144288577156 0.061371841155234655
0 0.3096192384769539 0.34296028880866425 0.03006012024048096 0.05776173285198556