0 0.709 0.5960854092526691 0.074 0.1387900355871886
0 0.607 0.5462633451957295 0.062 0.13167259786476868
0 0.479 0.47686832740213525 0.05 0.11387900355871886
0 0.272 0.21708185053380782 0.036 0.0711743772241993
0 0.42 0.2669039145907473 0.04 0.09252669039145907
0 0.5 0.2846975088967972 0.044 0.07829181494661921
0 0.575 0.2793594306049822 0.042 0.07473309608540925
0 0.854 0.41637010676156583 0.048 0.099644128113879
0 0.783 0.38256227758007116 0.046 0.08185053380782918
0 0.748 0.35231316725978645 0.04 0.08540925266903915
0 0.493 0.2188612099644128 0.042 0.08185053380782918
0 0.358 0.23309608540925267 0.036 0.060498220640569395
0 0.626 0.2900355871886121 0.04 0.08185053380782918
0 0.656 0.29359430604982206 0.036 0.07473309608540925
0 0.592 0.23487544483985764 0.04 0.06405693950177936
0 0.604 0.19217081850533807 0.036 0.06405693950177936
0 0.697 0.31316725978647686 0.042 0.0711743772241993
0 0.775 0.2918149466192171 0.046 0.07829181494661921
0 0.713 0.21708185053380782 0.034 0.05693950177935943
0 0.22 0.2313167259786477 0.052 0.08540925266903915
0 0.185 0.22419928825622776 0.038 0.0711743772241993
0 0.158 0.20106761565836298 0.036 0.060498220640569395
0 0.135 0.18683274021352314 0.034 0.060498220640569395
0 0.116 0.18149466192170818 0.028 0.05693950177935943
0 0.084 0.18861209964412812 0.036 0.06405693950177936
0 0.225 0.13701067615658363 0.034 0.05338078291814947
0 0.393 0.17793594306049823 0.026 0.042704626334519574
0 0.958 0.32562277580071175 0.044 0.08896797153024912
0 0.862 0.15302491103202848 0.028 0.0711743772241993
0 0.286 0.10676156583629894 0.028 0.0498220640569395
0 0.037 0.11209964412811388 0.03 0.05338078291814947
0 0.894 0.13345195729537365 0.028 0.07473309608540925
0 0.967 0.2402135231316726 0.042 0.060498220640569395
0 0.226 0.08718861209964412 0.024 0.046263345195729534
0 0.738 0.16548042704626334 0.024 0.046263345195729534