0 0.116 0.3235294117647059 0.056 0.10695187165775401
0 0.211 0.3074866310160428 0.058 0.10695187165775401
0 0.33 0.232620320855615 0.048 0.09090909090909091
0 0.411 0.2807486631016043 0.054 0.11229946524064172
0 0.265 0.4732620320855615 0.062 0.10160427807486631
0 0.208 0.5548128342245989 0.064 0.11497326203208556
0 0.342 0.5200534759358288 0.056 0.10427807486631016
0 0.425 0.42914438502673796 0.054 0.10427807486631016
0 0.545 0.26336898395721925 0.054 0.09893048128342247
0 0.501 0.2192513368983957 0.054 0.10160427807486631
0 0.841 0.2700534759358289 0.066 0.11764705882352941
0 0.727 0.24598930481283424 0.062 0.10695187165775401
0 0.669 0.2807486631016043 0.062 0.11229946524064172
0 0.605 0.29010695187165775 0.066 0.10427807486631016