0 0.08 0.7340425531914894 0.124 0.19148936170212766
0 0.431 0.6793313069908815 0.098 0.16109422492401215
0 0.201 0.2917933130699088 0.042 0.060790273556231005
0 0.423 0.5045592705167173 0.05 0.0668693009118541
0 0.531 0.3434650455927052 0.046 0.0729483282674772
0 0.452 0.33586626139817627 0.04 0.05167173252279635
0 0.154 0.24620060790273557 0.04 0.0486322188449848
0 0.186 0.21428571428571427 0.028 0.05167173252279635
0 0.566 0.33282674772036475 0.032 0.05167173252279635
0 0.016 0.11550151975683891 0.028 0.0851063829787234
0 0.173 0.08358662613981763 0.03 0.03951367781155015
0 0.528 0.24164133738601823 0.028 0.03951367781155015
0 0.618 0.35714285714285715 0.04 0.06382978723404255
0 0.773 0.3586626139817629 0.058 0.0851063829787234
0 0.008 0.2933130699088146 0.012 0.08814589665653495