0 0.8145833333333333 0.31974921630094044 0.058333333333333334 0.11912225705329153
0 0.16458333333333333 0.46394984326018807 0.058333333333333334 0.10031347962382445
0 0.48854166666666665 0.44670846394984326 0.04791666666666667 0.08463949843260188
0 0.33229166666666665 0.4670846394984326 0.04375 0.09404388714733543
0 0.584375 0.44357366771159873 0.03125 0.06583072100313479
0 0.6083333333333333 0.4341692789968652 0.029166666666666667 0.07210031347962383
0 0.6635416666666667 0.44670846394984326 0.04375 0.07836990595611286
0 0.3770833333333333 0.48119122257053293 0.041666666666666664 0.07210031347962383
0 0.29270833333333335 0.48589341692789967 0.03125 0.05642633228840126
0 0.4270833333333333 0.4952978056426332 0.03333333333333333 0.05642633228840126
0 0.09375 0.4952978056426332 0.05 0.09404388714733543
0 0.05520833333333333 0.5094043887147336 0.035416666666666666 0.07210031347962383