0 0.22875 0.5 0.0525 0.09701492537313433
0 0.01875 0.4962686567164179 0.0325 0.05970149253731343
0 0.33375 0.5242537313432836 0.0525 0.08582089552238806
0 0.57875 0.48507462686567165 0.0475 0.08955223880597014
0 0.5075 0.5093283582089553 0.06 0.08582089552238806
0 0.7875 0.5317164179104478 0.045 0.0708955223880597
0 0.71375 0.539179104477612 0.0375 0.055970149253731345
0 0.85625 0.5373134328358209 0.0425 0.07462686567164178
0 0.6775 0.5466417910447762 0.04 0.055970149253731345
0 0.47125 0.5111940298507462 0.0375 0.06716417910447761
0 0.4075 0.5167910447761194 0.035 0.055970149253731345
0 0.29875 0.5186567164179104 0.0275 0.05970149253731343
0 0.195 0.5130597014925373 0.025 0.048507462686567165