0 0.5075 0.44548872180451127 0.14 0.23684210526315788
0 0.33625 0.15413533834586465 0.1575 0.2781954887218045
0 0.865 0.4642857142857143 0.115 0.19172932330827067
0 0.04625 0.5225563909774437 0.0875 0.3007518796992481
0 0.76 0.25 0.1 0.19172932330827067
0 0.725 0.5958646616541353 0.145 0.19924812030075187
0 0.8425 0.12030075187969924 0.05 0.09774436090225563
0 0.11625 0.5319548872180451 0.1225 0.2744360902255639
0 0.3625 0.4605263157894737 0.14 0.24436090225563908
0 0.11875 0.07894736842105263 0.1325 0.15037593984962405
0 0.97625 0.40977443609022557 0.0475 0.17293233082706766
0 0.75 0.13533834586466165 0.05 0.07518796992481203