0 0.073 0.33483483483483484 0.066 0.12312312312312312
0 0.766 0.2852852852852853 0.06 0.12012012012012012
0 0.248 0.29429429429429427 0.056 0.12012012012012012
0 0.597 0.31681681681681684 0.062 0.11711711711711711
0 0.175 0.3258258258258258 0.05 0.0990990990990991
0 0.365 0.3048048048048048 0.046 0.1111111111111111
0 0.684 0.2987987987987988 0.048 0.09309309309309309
0 0.286 0.34384384384384387 0.028 0.06306306306306306
0 0.329 0.33483483483483484 0.03 0.05105105105105105
0 0.45 0.36036036036036034 0.04 0.08408408408408409
0 0.551 0.3213213213213213 0.038 0.09009009009009009
0 0.418 0.32732732732732733 0.024 0.07807807807807808