0 0.83 0.8663663663663663 0.164 0.21921921921921922
0 0.207 0.6366366366366366 0.098 0.16216216216216217
0 0.341 0.6096096096096096 0.066 0.14414414414414414
0 0.659 0.6021021021021021 0.062 0.10510510510510511
0 0.476 0.539039039039039 0.056 0.11711711711711711
0 0.725 0.5735735735735735 0.066 0.08408408408408409
0 0.11 0.4144144144144144 0.044 0.04804804804804805
0 0.279 0.4159159159159159 0.038 0.06906906906906907
0 0.553 0.5780780780780781 0.054 0.07507507507507508
0 0.679 0.6996996996996997 0.11 0.16216216216216217
0 0.519 0.5255255255255256 0.058 0.07207207207207207
0 0.182 0.4069069069069069 0.036 0.03903903903903904
0 0.365 0.37537537537537535 0.022 0.042042042042042045