0 0.097 0.364 0.082 0.12533333333333332
0 0.734 0.4186666666666667 0.064 0.112
0 0.45 0.396 0.064 0.104
0 0.821 0.37466666666666665 0.07 0.12
0 0.96 0.4053333333333333 0.072 0.12266666666666666
0 0.531 0.36933333333333335 0.074 0.12
0 0.343 0.4106666666666667 0.058 0.10133333333333333
0 0.613 0.3546666666666667 0.058 0.096
0 0.022 0.38533333333333336 0.04 0.104
0 0.901 0.39466666666666667 0.05 0.09066666666666667
0 0.24 0.42 0.056 0.09866666666666667
0 0.144 0.41733333333333333 0.052 0.08266666666666667
0 0.175 0.4053333333333333 0.038 0.08533333333333333
0 0.286 0.4066666666666667 0.044 0.072
0 0.406 0.4093333333333333 0.028 0.06133333333333333