0 0.706 0.8202416918429003 0.04 0.08157099697885196
0 0.405 0.5 0.038 0.0513595166163142
0 0.06 0.5332326283987915 0.04 0.0634441087613293
0 0.223 0.43202416918429004 0.038 0.06646525679758308
0 0.65 0.7537764350453172 0.044 0.0755287009063444
0 0.854 0.8157099697885196 0.04 0.07250755287009064
0 0.548 0.7205438066465257 0.032 0.0513595166163142
0 0.719 0.39123867069486407 0.034 0.0513595166163142
0 0.894 0.3338368580060423 0.04 0.0634441087613293
0 0.676 0.3987915407854985 0.032 0.054380664652567974
0 0.605 0.38368580060422963 0.03 0.06042296072507553
0 0.372 0.38368580060422963 0.028 0.054380664652567974