0 0.391 0.3858858858858859 0.078 0.16516516516516516
0 0.954 0.3663663663663664 0.048 0.11411411411411411
0 0.575 0.34534534534534533 0.086 0.16816816816816818
0 0.195 0.39039039039039036 0.07 0.13213213213213212
0 0.479 0.34684684684684686 0.066 0.13513513513513514
0 0.79 0.3228228228228228 0.096 0.1831831831831832
0 0.317 0.36486486486486486 0.05 0.11711711711711711
0 0.059 0.4219219219219219 0.074 0.13513513513513514
0 0.231 0.3738738738738739 0.042 0.10510510510510511
0 0.925 0.35435435435435436 0.058 0.13213213213213212
0 0.272 0.3888888888888889 0.032 0.06906906906906907
0 0.125 0.4099099099099099 0.038 0.08108108108108109