0 0.726 0.4266666666666667 0.048 0.096
0 0.167 0.412 0.054 0.09866666666666667
0 0.443 0.3973333333333333 0.046 0.08533333333333333
0 0.294 0.4226666666666667 0.036 0.072
0 0.372 0.4146666666666667 0.044 0.08266666666666667
0 0.506 0.41333333333333333 0.04 0.08533333333333333
0 0.025 0.328 0.046 0.208
0 0.554 0.44133333333333336 0.04 0.072
0 0.475 0.4186666666666667 0.034 0.07466666666666667
0 0.634 0.44533333333333336 0.044 0.07466666666666667
0 0.591 0.464 0.038 0.07466666666666667
0 0.69 0.44666666666666666 0.04 0.072
0 0.779 0.4573333333333333 0.05 0.08266666666666667
0 0.789 0.412 0.042 0.06666666666666667
0 0.878 0.4026666666666667 0.048 0.08533333333333333