0 0.85 0.6546546546546547 0.056 0.09009009009009009
0 0.055 0.6561561561561562 0.058 0.09309309309309309
0 0.094 0.5720720720720721 0.036 0.06306306306306306
0 0.128 0.6456456456456456 0.048 0.08408408408408409
0 0.216 0.6561561561561562 0.044 0.06906906906906907
0 0.165 0.5705705705705706 0.034 0.07207207207207207
0 0.227 0.5885885885885885 0.034 0.06606606606606606
0 0.303 0.6306306306306306 0.034 0.07207207207207207
0 0.366 0.6426426426426426 0.048 0.09009009009009009
0 0.555 0.4219219219219219 0.038 0.08108108108108109
0 0.616 0.41291291291291293 0.048 0.08108108108108109