0 0.898 0.23802395209580837 0.188 0.3023952095808383
0 0.207 0.41467065868263475 0.106 0.15269461077844312
0 0.207 0.31137724550898205 0.066 0.08982035928143713
0 0.719 0.25149700598802394 0.13 0.18562874251497005
0 0.568 0.32335329341317365 0.048 0.09580838323353294
0 0.443 0.3592814371257485 0.062 0.09580838323353294
0 0.217 0.5853293413173652 0.142 0.2125748502994012
0 0.467 0.2874251497005988 0.05 0.08383233532934131
0 0.308 0.27844311377245506 0.056 0.08982035928143713
0 0.429 0.30988023952095806 0.054 0.09281437125748503
0 0.631 0.27994011976047906 0.03 0.04491017964071856
0 0.612 0.26646706586826346 0.024 0.04790419161676647