0 0.9189526184538653 0.46629213483146065 0.05236907730673317 0.10861423220973783
0 0.7044887780548629 0.449438202247191 0.05236907730673317 0.09737827715355805
0 0.8192019950124688 0.45880149812734083 0.04738154613466334 0.10112359550561797
0 0.527431421446384 0.4756554307116105 0.04738154613466334 0.08239700374531835
0 0.4488778054862843 0.4868913857677903 0.04488778054862843 0.0898876404494382
0 0.24688279301745636 0.46254681647940077 0.04987531172069826 0.09363295880149813
0 0.6097256857855362 0.45880149812734083 0.05236907730673317 0.09363295880149813
0 0.15586034912718205 0.48314606741573035 0.03740648379052369 0.08239700374531835
0 0.08478802992518704 0.5037453183520599 0.04488778054862843 0.07865168539325842
0 0.32418952618453867 0.5093632958801498 0.0399002493765586 0.0749063670411985
0 0.3778054862842893 0.49250936329588013 0.04738154613466334 0.08614232209737828