0 0.874 0.48697068403908794 0.072 0.13355048859934854
0 0.098 0.4755700325732899 0.064 0.11726384364820847
0 0.711 0.5765472312703583 0.102 0.16938110749185667
0 0.971 0.43322475570032576 0.054 0.10423452768729642
0 0.311 0.44136807817589574 0.058 0.10749185667752444
0 0.436 0.40879478827361565 0.048 0.09446254071661238
0 0.522 0.40553745928338764 0.044 0.0749185667752443
0 0.464 0.7133550488599348 0.148 0.23452768729641693
0 0.081 0.8127035830618893 0.15 0.30944625407166126
0 0.603 0.3973941368078176 0.042 0.0781758957654723
0 0.658 0.38762214983713356 0.044 0.0781758957654723
0 0.918 0.46254071661237783 0.056 0.1237785016286645