0 0.09387755102040816 0.4846153846153846 0.1510204081632653 0.24307692307692308
0 0.3142857142857143 0.37384615384615383 0.09387755102040816 0.14461538461538462
0 0.5571428571428572 0.3569230769230769 0.10612244897959183 0.19692307692307692
0 0.1683673469387755 0.20923076923076922 0.09591836734693877 0.1723076923076923
0 0.23265306122448978 0.19692307692307692 0.06938775510204082 0.16
0 0.3224489795918367 0.22615384615384615 0.07755102040816327 0.16307692307692306
0 0.4173469387755102 0.23692307692307693 0.08775510204081632 0.15384615384615385
0 0.5112244897959184 0.16615384615384615 0.0673469387755102 0.14153846153846153
0 0.6489795918367347 0.19538461538461538 0.07346938775510205 0.15692307692307692
0 0.7520408163265306 0.30923076923076925 0.07551020408163266 0.13230769230769232
0 0.8163265306122449 0.43846153846153846 0.17142857142857143 0.24923076923076923
0 0.8581632653061224 0.18307692307692308 0.12040816326530612 0.20615384615384616