0 0.9715909090909091 0.6045454545454545 0.056818181818181816 0.13636363636363635
0 0.925 0.6227272727272727 0.05909090909090909 0.1
0 0.5340909090909091 0.5181818181818182 0.05909090909090909 0.08484848484848485
0 0.12954545454545455 0.6409090909090909 0.09545454545454546 0.13636363636363635
0 0.2125 0.5803030303030303 0.08863636363636364 0.11212121212121212
0 0.37727272727272726 0.6106060606060606 0.07727272727272727 0.11818181818181818
0 0.4965909090909091 0.6257575757575757 0.075 0.11212121212121212
0 0.5965909090909091 0.5712121212121212 0.06136363636363636 0.08787878787878788
0 0.5738636363636364 0.5318181818181819 0.038636363636363635 0.05757575757575758
0 0.6943181818181818 0.5651515151515152 0.04772727272727273 0.08181818181818182
0 0.8181818181818182 0.6257575757575757 0.1 0.13636363636363635
0 0.7613636363636364 0.5909090909090909 0.05909090909090909 0.08484848484848485
0 0.7761363636363636 0.5287878787878788 0.04772727272727273 0.07575757575757576
0 0.9181818181818182 0.5681818181818182 0.045454545454545456 0.05757575757575758
0 0.8738636363636364 0.5651515151515152 0.04772727272727273 0.0696969696969697