0 0.4906716417910448 0.4266666666666667 0.08208955223880597 0.15333333333333332
0 0.07276119402985075 0.4116666666666667 0.08208955223880597 0.16333333333333333
0 0.7117537313432836 0.37 0.13619402985074627 0.2733333333333333
0 0.8264925373134329 0.32166666666666666 0.11567164179104478 0.24333333333333335
0 0.2667910447761194 0.4166666666666667 0.07835820895522388 0.17333333333333334
0 0.9113805970149254 0.42 0.10261194029850747 0.16
0 0.3423507462686567 0.38333333333333336 0.10634328358208955 0.21333333333333335
0 0.41884328358208955 0.40166666666666667 0.05037313432835821 0.09666666666666666
0 0.5335820895522388 0.3616666666666667 0.048507462686567165 0.12333333333333334
0 0.5830223880597015 0.405 0.05037313432835821 0.11
0 0.6315298507462687 0.41 0.03917910447761194 0.1