0 0.474 0.444 0.02 0.04533333333333334
0 0.503 0.44533333333333336 0.042 0.05333333333333334
0 0.614 0.436 0.048 0.06666666666666667
0 0.535 0.456 0.034 0.05333333333333334
0 0.56 0.44266666666666665 0.028 0.05333333333333334
0 0.763 0.444 0.046 0.06133333333333333
0 0.702 0.4613333333333333 0.036 0.058666666666666666
0 0.976 0.444 0.036 0.06133333333333333
0 0.941 0.4533333333333333 0.026 0.048
0 0.854 0.44266666666666665 0.036 0.064
0 0.819 0.448 0.026 0.048
0 0.652 0.4613333333333333 0.028 0.048