0 0.193 0.503003003003003 0.058 0.10510510510510511
0 0.487 0.5465465465465466 0.038 0.09009009009009009
0 0.663 0.5345345345345346 0.05 0.0960960960960961
0 0.726 0.5 0.048 0.08108108108108109
0 0.291 0.5105105105105106 0.046 0.09009009009009009
0 0.339 0.5315315315315315 0.042 0.0960960960960961
0 0.38 0.527027027027027 0.048 0.1111111111111111
0 0.426 0.4924924924924925 0.04 0.08408408408408409
0 0.545 0.5480480480480481 0.054 0.09309309309309309
0 0.459 0.545045045045045 0.03 0.09309309309309309
0 0.592 0.5045045045045045 0.048 0.08408408408408409
0 0.825 0.527027027027027 0.042 0.06906906906906907