0 0.755 0.47604790419161674 0.066 0.12574850299401197
0 0.499 0.4550898203592814 0.058 0.11976047904191617
0 0.368 0.47904191616766467 0.044 0.08982035928143713
0 0.011 0.4820359281437126 0.018 0.09580838323353294
0 0.099 0.49251497005988026 0.042 0.08083832335329341
0 0.196 0.4880239520958084 0.028 0.0658682634730539
0 0.228 0.4805389221556886 0.04 0.08083832335329341
0 0.308 0.4880239520958084 0.04 0.07784431137724551
0 0.432 0.47305389221556887 0.04 0.07784431137724551
0 0.542 0.4880239520958084 0.036 0.08982035928143713
0 0.814 0.47754491017964074 0.04 0.09281437125748503