0 0.384 0.468562874251497 0.06 0.12275449101796407
0 0.254 0.468562874251497 0.056 0.10479041916167664
0 0.492 0.4476047904191617 0.052 0.09880239520958084
0 0.627 0.4535928143712575 0.042 0.08083832335329341
0 0.16 0.44011976047904194 0.056 0.08982035928143713
0 0.883 0.4625748502994012 0.054 0.11676646706586827
0 0.728 0.4550898203592814 0.044 0.08982035928143713
0 0.709 0.4595808383233533 0.038 0.08682634730538923
0 0.278 0.45808383233532934 0.032 0.08383233532934131
0 0.321 0.4745508982035928 0.03 0.0688622754491018
0 0.558 0.47005988023952094 0.028 0.059880239520958084
0 0.593 0.4655688622754491 0.03 0.05688622754491018