0 0.849 0.5135542168674698 0.05 0.08734939759036145
0 0.22 0.5301204819277109 0.044 0.08433734939759036
0 0.617 0.5105421686746988 0.042 0.09939759036144578
0 0.681 0.5301204819277109 0.038 0.08433734939759036
0 0.152 0.5421686746987951 0.048 0.08433734939759036
0 0.557 0.5210843373493976 0.046 0.08433734939759036
0 0.294 0.48343373493975905 0.044 0.08132530120481928
0 0.366 0.5105421686746988 0.044 0.08734939759036145
0 0.435 0.5195783132530121 0.034 0.07530120481927711
0 0.492 0.516566265060241 0.044 0.08734939759036145
0 0.738 0.5421686746987951 0.044 0.08433734939759036
0 0.787 0.5150602409638554 0.042 0.08433734939759036