0 0.2998084291187739 0.6592592592592592 0.08237547892720307 0.15555555555555556
0 0.6082375478927203 0.6777777777777778 0.05938697318007663 0.13333333333333333
0 0.6561302681992337 0.5833333333333334 0.05555555555555555 0.11481481481481481
0 0.38026819923371646 0.5222222222222223 0.05172413793103448 0.1111111111111111
0 0.8084291187739464 0.7592592592592593 0.04980842911877394 0.1111111111111111
0 0.3381226053639847 0.43703703703703706 0.032567049808429116 0.08888888888888889
0 0.4157088122605364 0.43148148148148147 0.03065134099616858 0.07777777777777778
0 0.4559386973180077 0.47962962962962963 0.0421455938697318 0.09259259259259259
0 0.5095785440613027 0.524074074074074 0.04597701149425287 0.10740740740740741
0 0.7969348659003831 0.5 0.038314176245210725 0.0962962962962963
0 0.8630268199233716 0.5148148148148148 0.03639846743295019 0.08888888888888889
0 0.9348659003831418 0.47962962962962963 0.034482758620689655 0.08518518518518518
0 0.6982758620689655 0.45185185185185184 0.028735632183908046 0.08148148148148149
0 0.9789272030651341 0.5111111111111111 0.03065134099616858 0.07407407407407407
0 0.7787356321839081 0.387037037037037 0.02490421455938697 0.06296296296296296
0 0.8122605363984674 0.3962962962962963 0.022988505747126436 0.05925925925925926
0 0.6580459770114943 0.43333333333333335 0.02490421455938697 0.05925925925925926