0 0.065 0.6810089020771514 0.07 0.10385756676557864
0 0.504 0.8501483679525222 0.104 0.18694362017804153
0 0.276 0.7166172106824926 0.064 0.10385756676557864
0 0.693 0.7729970326409495 0.086 0.13353115727002968
0 0.905 0.7136498516320475 0.062 0.11572700296735905
0 0.963 0.6839762611275965 0.062 0.10979228486646884
0 0.564 0.6750741839762612 0.056 0.09198813056379822
0 0.46 0.685459940652819 0.06 0.08902077151335312
0 0.208 0.6454005934718101 0.04 0.08011869436201781
0 0.322 0.629080118694362 0.044 0.08902077151335312
0 0.419 0.6112759643916914 0.038 0.06528189910979229
0 0.492 0.6023738872403561 0.032 0.05341246290801187
0 0.65 0.6661721068249258 0.048 0.08011869436201781
0 0.727 0.6646884272997032 0.054 0.0830860534124629
0 0.77 0.6394658753709199 0.036 0.07418397626112759