0 0.12692307692307692 0.2816666666666667 0.07307692307692308 0.17
0 0.16346153846153846 0.35 0.04230769230769231 0.08666666666666667
0 0.23076923076923078 0.30833333333333335 0.04230769230769231 0.13666666666666666
0 0.4461538461538462 0.30333333333333334 0.046153846153846156 0.1
0 0.6019230769230769 0.255 0.06153846153846154 0.15
0 0.5634615384615385 0.30333333333333334 0.05 0.10666666666666667
0 0.7519230769230769 0.24 0.09230769230769231 0.18666666666666668
0 0.8730769230769231 0.2733333333333333 0.10384615384615385 0.20666666666666667
0 0.926923076923077 0.26666666666666666 0.04230769230769231 0.17333333333333334
0 0.27692307692307694 0.2816666666666667 0.06923076923076923 0.13666666666666666
0 0.4875 0.24 0.07115384615384615 0.16