0 0.852 0.2605421686746988 0.064 0.09939759036144578
0 0.677 0.2740963855421687 0.05 0.0963855421686747
0 0.122 0.3072289156626506 0.052 0.0963855421686747
0 0.591 0.30271084337349397 0.058 0.08734939759036145
0 0.022 0.35542168674698793 0.04 0.08433734939759036
0 0.191 0.3102409638554217 0.038 0.07228915662650602
0 0.27 0.2816265060240964 0.048 0.08132530120481928
0 0.359 0.3117469879518072 0.042 0.07530120481927711
0 0.452 0.27710843373493976 0.048 0.0783132530120482
0 0.514 0.29819277108433734 0.036 0.06626506024096386
0 0.629 0.2996987951807229 0.034 0.0572289156626506
0 0.729 0.29668674698795183 0.034 0.06325301204819277
0 0.773 0.26957831325301207 0.038 0.06325301204819277
0 0.936 0.33433734939759036 0.044 0.060240963855421686