0 0.733 0.4535928143712575 0.078 0.1467065868263473
0 0.174 0.4805389221556886 0.096 0.1407185628742515
0 0.832 0.531437125748503 0.1 0.18263473053892215
0 0.177 0.6497005988023952 0.13 0.20359281437125748
0 0.233 0.42664670658682635 0.066 0.10479041916167664
0 0.253 0.36826347305389223 0.038 0.08383233532934131
0 0.308 0.37425149700598803 0.036 0.0658682634730539
0 0.37 0.3323353293413174 0.032 0.0658682634730539
0 0.466 0.32934131736526945 0.036 0.05389221556886228
0 0.532 0.36826347305389223 0.036 0.0658682634730539
0 0.668 0.3967065868263473 0.052 0.09281437125748503
0 0.579 0.3787425149700599 0.042 0.0748502994011976