0 0.902 0.12316715542521994 0.108 0.15835777126099707
0 0.342 0.6231671554252199 0.08 0.12609970674486803
0 0.591 0.37976539589442815 0.118 0.16715542521994134
0 0.23 0.08064516129032258 0.072 0.12023460410557185
0 0.048 0.34750733137829914 0.084 0.13196480938416422
0 0.278 0.4912023460410557 0.092 0.12609970674486803
0 0.133 0.18035190615835778 0.074 0.13196480938416422
0 0.471 0.5791788856304986 0.07 0.10850439882697947
0 0.155 0.8841642228739003 0.122 0.19648093841642228
0 0.372 0.09970674486803519 0.064 0.12903225806451613
0 0.51 0.7346041055718475 0.072 0.13196480938416422
0 0.406 0.3357771260997067 0.06 0.0967741935483871
0 0.162 0.6994134897360704 0.08 0.12609970674486803
0 0.497 0.15249266862170088 0.07 0.08211143695014662