0 0.173 0.3805970149253731 0.066 0.12835820895522387
0 0.074 0.3402985074626866 0.072 0.14925373134328357
0 0.258 0.34626865671641793 0.06 0.11940298507462686
0 0.597 0.3492537313432836 0.058 0.11343283582089553
0 0.463 0.3776119402985075 0.058 0.11641791044776119
0 0.367 0.33134328358208953 0.062 0.1253731343283582
0 0.322 0.3761194029850746 0.048 0.10149253731343283
0 0.4 0.3746268656716418 0.044 0.07462686567164178
0 0.531 0.3880597014925373 0.05 0.08955223880597014
0 0.645 0.39104477611940297 0.038 0.07164179104477612
0 0.719 0.3611940298507463 0.054 0.08955223880597014
0 0.897 0.3492537313432836 0.046 0.07164179104477612
0 0.81 0.3850746268656716 0.056 0.08955223880597014