0 0.2325 0.28597122302158273 0.075 0.13309352517985612
0 0.66125 0.2607913669064748 0.0775 0.1474820143884892
0 0.37625 0.21762589928057555 0.0725 0.12589928057553956
0 0.1275 0.25719424460431656 0.06 0.11870503597122302
0 0.52875 0.2841726618705036 0.0625 0.12949640287769784
0 0.2825 0.29136690647482016 0.05 0.11510791366906475
0 0.95625 0.35431654676258995 0.0575 0.11151079136690648
0 0.465 0.3129496402877698 0.05 0.09352517985611511
0 0.58875 0.28776978417266186 0.0475 0.1079136690647482
0 0.805 0.3327338129496403 0.045 0.10431654676258993
0 0.7675 0.3327338129496403 0.035 0.09712230215827339
0 0.90375 0.35251798561151076 0.0325 0.10071942446043165