0 0.2545090180360721 0.331306990881459 0.06813627254509018 0.1276595744680851
0 0.4879759519038076 0.23404255319148937 0.08617234468937876 0.1702127659574468
0 0.7334669338677354 0.25379939209726443 0.08817635270541083 0.16717325227963525
0 0.12124248496993988 0.2735562310030395 0.11422845691382766 0.1945288753799392
0 0.8687374749498998 0.24620060790273557 0.11422845691382766 0.22492401215805471
0 0.375751503006012 0.32370820668693007 0.05811623246492986 0.11854103343465046
0 0.3276553106212425 0.303951367781155 0.050100200400801605 0.11550151975683891
0 0.6643286573146293 0.29635258358662614 0.05811623246492986 0.11246200607902736
0 0.5531062124248497 0.2933130699088146 0.052104208416833664 0.10030395136778116
0 0.9849699398797596 0.25835866261398177 0.022044088176352707 0.12158054711246201
0 0.5961923847695391 0.33282674772036475 0.03807615230460922 0.10638297872340426
0 0.9719438877755511 0.31155015197568386 0.028056112224448898 0.08206686930091185
0 0.7965931863727455 0.32674772036474165 0.06613226452905811 0.11246200607902736