0 0.249 0.2927927927927928 0.11 0.1831831831831832
0 0.52 0.21021021021021022 0.096 0.1981981981981982
0 0.156 0.21171171171171171 0.084 0.12912912912912913
0 0.807 0.16066066066066065 0.11 0.2132132132132132
0 0.43 0.21921921921921922 0.068 0.12612612612612611
0 0.26 0.17867867867867868 0.06 0.10510510510510511
0 0.584 0.1966966966966967 0.04 0.07507507507507508
0 0.69 0.2072072072072072 0.04 0.08408408408408409
0 0.895 0.21021021021021022 0.03 0.07207207207207207
0 0.943 0.23273273273273273 0.034 0.06906906906906907
0 0.966 0.1996996996996997 0.032 0.05105105105105105
0 0.642 0.2087087087087087 0.036 0.057057057057057055
0 0.726 0.2132132132132132 0.032 0.06006006006006006