0 0.826 0.30687830687830686 0.068 0.10052910052910052
0 0.131 0.376984126984127 0.046 0.0873015873015873
0 0.181 0.37433862433862436 0.038 0.06084656084656084
0 0.206 0.39285714285714285 0.028 0.05026455026455026
0 0.234 0.40343915343915343 0.024 0.05026455026455026
0 0.277 0.39285714285714285 0.03 0.04497354497354497
0 0.359 0.3915343915343915 0.038 0.047619047619047616
0 0.405 0.37433862433862436 0.038 0.05555555555555555
0 0.475 0.3584656084656085 0.034 0.05026455026455026
0 0.546 0.35978835978835977 0.032 0.05291005291005291
0 0.599 0.33201058201058203 0.046 0.06613756613756613
0 0.644 0.33201058201058203 0.052 0.07671957671957672
0 0.772 0.3412698412698413 0.048 0.07407407407407407
0 0.716 0.39021164021164023 0.028 0.05555555555555555