0 0.8906542056074767 0.44333333333333336 0.05794392523364486 0.11333333333333333
0 0.09813084112149532 0.3283333333333333 0.09532710280373832 0.17666666666666667
0 0.8336448598130841 0.445 0.048598130841121495 0.09666666666666666
0 0.680373831775701 0.4683333333333333 0.044859813084112146 0.10333333333333333
0 0.3074766355140187 0.44666666666666666 0.05420560747663551 0.09333333333333334
0 0.3663551401869159 0.435 0.048598130841121495 0.09666666666666666
0 0.5196261682242991 0.44166666666666665 0.044859813084112146 0.09666666666666666
0 0.3822429906542056 0.45166666666666666 0.03925233644859813 0.09
0 0.43457943925233644 0.4666666666666667 0.03551401869158879 0.08666666666666667
0 0.9392523364485982 0.47 0.03925233644859813 0.08
0 0.4616822429906542 0.47 0.029906542056074768 0.06