0 0.131 0.41601049868766404 0.066 0.10761154855643044
0 0.389 0.40813648293963256 0.066 0.10236220472440945
0 0.572 0.4304461942257218 0.044 0.08923884514435695
0 0.722 0.3805774278215223 0.06 0.09973753280839895
0 0.499 0.42782152230971127 0.046 0.08923884514435695
0 0.029 0.4671916010498688 0.054 0.08923884514435695
0 0.234 0.41732283464566927 0.04 0.08398950131233596
0 0.314 0.43700787401574803 0.04 0.08136482939632546
0 0.606 0.4225721784776903 0.04 0.09448818897637795
0 0.633 0.421259842519685 0.022 0.06036745406824147
0 0.658 0.4448818897637795 0.032 0.06036745406824147
0 0.802 0.40813648293963256 0.04 0.08661417322834646
0 0.902 0.39763779527559057 0.048 0.09186351706036745