0 0.82 0.6359867330016584 0.104 0.0945273631840796
0 0.218 0.5348258706467661 0.132 0.1077943615257048
0 0.893 0.527363184079602 0.074 0.06965174129353234
0 0.793 0.49336650082918737 0.07 0.06467661691542288
0 0.551 0.5364842454394693 0.054 0.06135986733001658
0 0.248 0.48092868988391374 0.06 0.05306799336650083
0 0.691 0.4626865671641791 0.038 0.03980099502487562
0 0.629 0.439469320066335 0.03 0.03316749585406302
0 0.257 0.3540630182421227 0.03 0.028192371475953566
0 0.296 0.4320066334991708 0.04 0.03150912106135987
0 0.525 0.41459369817578773 0.03 0.03316749585406302